Code:	WP 300.20

G.U.N.T. Gerätebau GmbH
Hanskampring 15 -17,
22885 Barsbüttel
Germany, Tel ++4940 / 67 08 54 -0
Date: 18.11.2019	Time: 16:11:33

Name:	stress strain aluminium
User Comment:	

Data Start
t Time Index	l Distance	F Force	EPS Strain	R	TEST Test	
h:min:s	mm	KN	%	N/mm^2		
15:58:27.3	0.0122	0.0300	0.0407	1.5987	1.0000
15:58:28.3	0.0366	0.1079	0.1221	5.7553	1.0000
15:58:29.3	0.0489	0.2098	0.1628	11.1908	1.0000
15:58:30.3	0.0489	0.2398	0.1628	12.7894	1.0000
15:58:31.3	0.0611	0.2578	0.2035	13.7487	1.0000
15:58:32.3	0.0733	0.2638	0.2443	14.0684	1.0000
15:58:33.3	0.0977	0.2818	0.3257	15.0276	1.0000
15:58:34.3	0.0977	0.2758	0.3257	14.7079	1.0000
15:58:35.3	0.1221	0.2878	0.4071	15.3473	1.0000
15:58:36.3	0.1343	0.3057	0.4478	16.3065	1.0000
15:58:37.3	0.1466	0.3117	0.4885	16.6263	1.0000
15:58:38.3	0.1588	0.3477	0.5292	18.5447	1.0000
15:58:39.3	0.1710	0.3777	0.5699	20.1434	1.0000
15:58:40.3	0.1832	0.4077	0.6106	21.7421	1.0000
15:58:41.3	0.2076	0.4496	0.6921	23.9802	1.0000
15:58:42.3	0.2198	0.4976	0.7328	26.5381	1.0000
15:58:43.3	0.2320	0.5396	0.7735	28.7763	1.0000
15:58:44.3	0.2443	0.5575	0.8142	29.7355	1.0000
15:58:45.3	0.2565	0.5995	0.8549	31.9736	1.0000
15:58:46.3	0.2687	0.6415	0.8956	34.2118	1.0000
15:58:47.3	0.2687	0.6714	0.8956	35.8105	1.0000
15:58:48.3	0.2687	0.6954	0.8956	37.0894	1.0000
15:58:49.3	0.2809	0.7374	0.9363	39.3276	1.0000
15:58:50.3	0.2931	0.7674	0.9770	40.9262	1.0000
15:58:51.3	0.2931	0.8093	0.9770	43.1644	1.0000
15:58:52.3	0.3053	0.8513	1.0177	45.4025	1.0000
15:58:53.3	0.3175	0.8933	1.0585	47.6407	1.0000
15:58:54.3	0.3175	0.9352	1.0585	49.8788	1.0000
15:58:55.3	0.3420	0.9892	1.1399	52.7565	1.0000
15:58:56.3	0.3420	1.0431	1.1399	55.6341	1.0000
15:58:57.3	0.3420	1.1031	1.1399	58.8315	1.0000
15:58:58.3	0.3542	1.1331	1.1806	60.4301	1.0000
15:58:59.3	0.3664	1.1451	1.2213	61.0696	1.0000
15:59:00.3	0.3664	1.2230	1.2213	65.2262	1.0000
15:59:01.3	0.3786	1.2769	1.2620	68.1038	1.0000
15:59:02.3	0.3908	1.3249	1.3027	70.6617	1.0000
15:59:04.3	0.3908	1.4088	1.3027	75.1380	1.0000
15:59:03.3	0.4030	1.3489	1.3434	71.9406	1.0000
15:59:05.3	0.4152	1.4808	1.3841	78.9748	1.0000
15:59:06.3	0.4152	1.5347	1.3841	81.8525	1.0000
15:59:07.3	0.4275	1.5827	1.4248	84.4104	1.0000
15:59:08.3	0.4397	1.6247	1.4656	86.6485	1.0000
15:59:09.3	0.4397	1.6606	1.4656	88.5669	1.0000
15:59:10.3	0.4519	1.6966	1.5063	90.4853	1.0000
15:59:11.3	0.4641	1.7326	1.5470	92.4038	1.0000
15:59:12.3	0.4641	1.7805	1.5470	94.9617	1.0000
15:59:14.3	0.4641	1.8705	1.5470	99.7577	1.0000
15:59:13.3	0.4763	1.8165	1.5877	96.8801	1.0000
15:59:15.3	0.4763	1.9064	1.5877	101.6761	1.0000
15:59:16.3	0.4885	1.9424	1.6284	103.5945	1.0000
15:59:17.3	0.4885	1.9784	1.6284	105.5129	1.0000
15:59:18.3	0.5129	2.0023	1.7098	106.7919	1.0000
15:59:19.3	0.5129	2.0383	1.7098	108.7103	1.0000
15:59:20.3	0.5129	2.0743	1.7098	110.6287	1.0000
15:59:21.3	0.5129	2.1163	1.7098	112.8669	1.0000
15:59:22.3	0.5374	2.1702	1.7912	115.7445	1.0000
15:59:23.3	0.5374	2.2002	1.7912	117.3432	1.0000
15:59:24.3	0.5618	2.2182	1.8727	118.3024	1.0000
15:59:25.3	0.5618	2.2661	1.8727	120.8603	1.0000
15:59:26.3	0.5618	2.2841	1.8727	121.8195	1.0000
15:59:27.3	0.5740	2.3141	1.9134	123.4182	1.0000
15:59:29.3	0.5740	2.3501	1.9134	125.3366	1.0000
15:59:28.3	0.5862	2.3261	1.9541	124.0576	1.0000
15:59:30.3	0.6106	2.3800	2.0355	126.9353	1.0000
15:59:31.3	0.6229	2.3980	2.0762	127.8945	1.0000
15:59:32.3	0.6351	2.4160	2.1169	128.8537	1.0000
15:59:33.3	0.6351	2.4220	2.1169	129.1734	1.0000
15:59:34.3	0.6351	2.4400	2.1169	130.1326	1.0000
15:59:35.3	0.6595	2.4640	2.1983	131.4116	1.0000
15:59:36.3	0.6717	2.4700	2.2390	131.7313	1.0000
15:59:37.3	0.6839	2.4760	2.2798	132.0511	1.0000
15:59:38.3	0.6961	2.4820	2.3205	132.3708	1.0000
15:59:39.3	0.7084	2.4879	2.3612	132.6905	1.0000
15:59:40.3	0.7206	2.4999	2.4019	133.3300	1.0000
15:59:41.3	0.7206	2.5119	2.4019	133.9695	1.0000
15:59:42.3	0.7572	2.4939	2.5240	133.0103	1.0000
15:59:43.3	0.7572	2.5059	2.5240	133.6497	1.0000
15:59:44.3	0.7694	2.5059	2.5647	133.6497	1.0000
15:59:45.3	0.7694	2.5179	2.5647	134.2892	1.0000
15:59:46.3	0.7816	2.5179	2.6054	134.2892	1.0000
15:59:47.3	0.8061	2.5239	2.6869	134.6089	1.0000
15:59:48.3	0.8061	2.5239	2.6869	134.6089	1.0000
15:59:49.3	0.8183	2.5239	2.7276	134.6089	1.0000
15:59:50.3	0.8305	2.5239	2.7683	134.6089	1.0000
15:59:51.3	0.8305	2.5539	2.7683	136.2076	1.0000
15:59:52.3	0.8549	2.5419	2.8497	135.5681	1.0000
15:59:53.3	0.8549	2.5599	2.8497	136.5274	1.0000
15:59:54.3	0.8671	2.5659	2.8904	136.8471	1.0000
15:59:55.3	0.8671	2.5599	2.8904	136.5274	1.0000
15:59:57.3	0.8793	2.6019	2.9311	138.7655	1.0000
15:59:56.3	0.8915	2.5659	2.9718	136.8471	1.0000
15:59:58.3	0.9038	2.6198	3.0125	139.7247	1.0000
15:59:59.3	0.9282	2.5899	3.0940	138.1260	1.0000
16:00:00.3	0.9282	2.5539	3.0940	136.2076	1.0000
16:00:01.3	0.9282	2.5779	3.0940	137.4866	1.0000
16:00:02.3	0.9404	2.5899	3.1347	138.1260	1.0000
16:00:03.3	0.9648	2.6198	3.2161	139.7247	1.0000
16:00:04.3	0.9893	2.6138	3.2975	139.4050	1.0000
16:00:05.3	1.0015	2.6078	3.3382	139.0852	1.0000
16:00:06.3	1.0015	2.6258	3.3382	140.0445	1.0000
16:00:07.3	1.0015	2.6078	3.3382	139.0852	1.0000
16:00:08.3	1.0259	2.6198	3.4196	139.7247	1.0000
16:00:09.3	1.0381	2.6019	3.4603	138.7655	1.0000
16:00:10.3	1.0503	2.6378	3.5011	140.6839	1.0000
16:00:11.3	1.0503	2.6198	3.5011	139.7247	1.0000
16:00:12.3	1.0870	2.6438	3.6232	141.0037	1.0000
16:00:13.3	1.1114	2.6558	3.7046	141.6431	1.0000
16:00:14.3	1.1114	2.6978	3.7046	143.8813	1.0000
16:00:15.3	1.1114	2.7218	3.7046	145.1602	1.0000
16:00:16.3	1.1358	2.6858	3.7860	143.2418	1.0000
16:00:17.3	1.1358	2.7337	3.7860	145.7997	1.0000
16:00:18.3	1.1480	2.7218	3.8267	145.1602	1.0000
16:00:19.3	1.1724	2.7098	3.9082	144.5208	1.0000
16:00:20.3	1.1847	2.7218	3.9489	145.1602	1.0000
16:00:21.3	1.1969	2.7218	3.9896	145.1602	1.0000
16:00:22.3	1.1969	2.7337	3.9896	145.7997	1.0000
16:00:23.3	1.2091	2.7457	4.0303	146.4392	1.0000
16:00:24.3	1.2213	2.7457	4.0710	146.4392	1.0000
16:00:25.3	1.2213	2.7337	4.0710	145.7997	1.0000
16:00:26.3	1.2213	2.7337	4.0710	145.7997	1.0000
16:00:27.3	1.2213	2.7637	4.0710	147.3984	1.0000
16:00:28.3	1.2457	2.7158	4.1524	144.8405	1.0000
16:00:29.3	1.2579	2.7158	4.1931	144.8405	1.0000
16:00:30.3	1.2702	2.7158	4.2338	144.8405	1.0000
16:00:31.3	1.2702	2.7158	4.2338	144.8405	1.0000
16:00:32.3	1.2946	2.7397	4.3153	146.1194	1.0000
16:00:33.3	1.3068	2.7277	4.3560	145.4800	1.0000
16:00:34.3	1.3190	2.7457	4.3967	146.4392	1.0000
16:00:35.3	1.3312	2.7337	4.4374	145.7997	1.0000
16:00:36.3	1.3312	2.7517	4.4374	146.7589	1.0000
16:00:37.3	1.3679	2.7517	4.5595	146.7589	1.0000
16:00:38.3	1.3679	2.7697	4.5595	147.7181	1.0000
16:00:39.3	1.3801	2.7637	4.6002	147.3984	1.0000
16:00:40.3	1.3801	2.7817	4.6002	148.3576	1.0000
16:00:41.3	1.3923	2.8117	4.6409	149.9563	1.0000
16:00:42.3	1.4167	2.7817	4.7224	148.3576	1.0000
16:00:43.3	1.4167	2.7997	4.7224	149.3168	1.0000
16:00:44.3	1.4289	2.8117	4.7631	149.9563	1.0000
16:00:45.3	1.4289	2.8237	4.7631	150.5957	1.0000
16:00:46.3	1.4289	2.8357	4.7631	151.2352	1.0000
16:00:47.3	1.4411	2.8477	4.8038	151.8747	1.0000
16:00:48.3	1.4411	2.8596	4.8038	152.5142	1.0000
16:01:55.3	1.4411	0.6954	4.8038	37.0894	1.0000
16:01:56.3	1.4411	0.6894	4.8038	36.7697	1.0000
16:01:58.3	1.4411	0.6954	4.8038	37.0894	1.0000
16:01:51.3	1.4533	0.8273	4.8445	44.1236	1.0000
16:01:53.3	1.4533	0.7734	4.8445	41.2460	1.0000
16:01:54.3	1.4533	0.7374	4.8445	39.3276	1.0000
16:01:57.3	1.4533	0.7014	4.8445	37.4091	1.0000
16:01:59.3	1.4533	0.7554	4.8445	40.2868	1.0000
16:00:49.3	1.4656	2.8417	4.8852	151.5550	1.0000
16:00:51.3	1.4656	2.8177	4.8852	150.2760	1.0000
16:01:50.3	1.4656	0.8813	4.8852	47.0012	1.0000
16:01:52.3	1.4656	0.8093	4.8852	43.1644	1.0000
16:00:50.3	1.4778	2.8057	4.9259	149.6365	1.0000
16:01:49.3	1.4900	0.9532	4.9666	50.8381	1.0000
16:02:00.3	1.4900	0.9172	4.9666	48.9196	1.0000
16:02:01.3	1.4900	0.9772	4.9666	52.1170	1.0000
16:00:52.3	1.5022	2.8117	5.0073	149.9563	1.0000
16:01:48.3	1.5022	1.1331	5.0073	60.4301	1.0000
16:02:02.3	1.5022	1.0192	5.0073	54.3552	1.0000
16:02:03.3	1.5022	1.0851	5.0073	57.8723	1.0000
16:00:53.3	1.5144	2.8357	5.0480	151.2352	1.0000
16:01:47.3	1.5144	1.2290	5.0480	65.5459	1.0000
16:02:04.3	1.5144	1.1750	5.0480	62.6683	1.0000
16:02:05.3	1.5144	1.2590	5.0480	67.1446	1.0000
16:02:06.3	1.5144	1.3489	5.0480	71.9406	1.0000
16:00:54.3	1.5266	2.8417	5.0887	151.5550	1.0000
16:01:42.3	1.5388	1.5167	5.1295	80.8933	1.0000
16:01:44.3	1.5388	1.4208	5.1295	75.7775	1.0000
16:01:45.3	1.5388	1.3789	5.1295	73.5393	1.0000
16:01:46.3	1.5388	1.3189	5.1295	70.3420	1.0000
16:02:07.3	1.5388	1.4268	5.1295	76.0972	1.0000
16:00:55.3	1.5511	2.8177	5.1702	150.2760	1.0000
16:01:43.3	1.5511	1.4688	5.1702	78.3354	1.0000
16:02:08.3	1.5511	1.5347	5.1702	81.8525	1.0000
16:01:41.3	1.5633	1.5587	5.2109	83.1314	1.0000
16:00:56.3	1.5755	2.8357	5.2516	151.2352	1.0000
16:01:40.3	1.5755	1.6067	5.2516	85.6893	1.0000
16:02:09.3	1.5755	1.6067	5.2516	85.6893	1.0000
16:01:36.3	1.5877	1.8405	5.2923	98.1590	1.0000
16:01:37.3	1.5877	1.7745	5.2923	94.6419	1.0000
16:01:38.3	1.5877	1.7326	5.2923	92.4038	1.0000
16:01:39.3	1.5877	1.6726	5.2923	89.2064	1.0000
16:02:10.3	1.5877	1.6906	5.2923	90.1656	1.0000
16:00:57.3	1.5999	2.8237	5.3330	150.5957	1.0000
16:02:11.3	1.5999	1.7685	5.3330	94.3222	1.0000
16:02:12.3	1.5999	1.8285	5.3330	97.5195	1.0000
16:02:13.3	1.5999	1.9064	5.3330	101.6761	1.0000
16:00:58.3	1.6121	2.8357	5.3737	151.2352	1.0000
16:00:59.3	1.6121	2.8357	5.3737	151.2352	1.0000
16:01:00.3	1.6121	2.8297	5.3737	150.9155	1.0000
16:01:01.3	1.6121	2.8596	5.3737	152.5142	1.0000
16:01:02.3	1.6121	2.8656	5.3737	152.8339	1.0000
16:01:03.3	1.6121	2.8596	5.3737	152.5142	1.0000
16:01:04.3	1.6121	2.8297	5.3737	150.9155	1.0000
16:01:29.3	1.6121	2.2062	5.3737	117.6629	1.0000
16:01:30.3	1.6121	2.1642	5.3737	115.4248	1.0000
16:01:31.3	1.6121	2.1103	5.3737	112.5471	1.0000
16:01:32.3	1.6121	2.0683	5.3737	110.3090	1.0000
16:01:33.3	1.6121	2.0083	5.3737	107.1116	1.0000
16:01:34.3	1.6121	1.9424	5.3737	103.5945	1.0000
16:01:35.3	1.6121	1.9004	5.3737	101.3564	1.0000
16:02:14.3	1.6121	1.9544	5.3737	104.2340	1.0000
16:02:15.3	1.6121	2.0323	5.3737	108.3906	1.0000
16:02:16.3	1.6121	2.0803	5.3737	110.9485	1.0000
16:02:17.3	1.6121	2.1282	5.3737	113.5064	1.0000
16:02:18.3	1.6121	2.1642	5.3737	115.4248	1.0000
16:02:19.3	1.6121	2.2002	5.3737	117.3432	1.0000
16:01:05.3	1.6243	2.8417	5.4144	151.5550	1.0000
16:01:28.3	1.6243	2.2601	5.4144	120.5405	1.0000
16:02:21.3	1.6243	2.3141	5.4144	123.4182	1.0000
16:01:26.3	1.6365	2.3680	5.4551	126.2958	1.0000
16:01:27.3	1.6365	2.3081	5.4551	123.0984	1.0000
16:02:20.3	1.6365	2.2601	5.4551	120.5405	1.0000
16:02:22.3	1.6365	2.3261	5.4551	124.0576	1.0000
16:02:23.3	1.6365	2.3381	5.4551	124.6971	1.0000
16:02:25.3	1.6365	2.3800	5.4551	126.9353	1.0000
16:01:06.3	1.6488	2.8477	5.4958	151.8747	1.0000
16:01:07.3	1.6488	2.8477	5.4958	151.8747	1.0000
16:01:08.3	1.6488	2.8477	5.4958	151.8747	1.0000
16:01:23.3	1.6488	2.5659	5.4958	136.8471	1.0000
16:02:24.3	1.6488	2.3621	5.4958	125.9761	1.0000
16:02:26.3	1.6488	2.4160	5.4958	128.8537	1.0000
16:02:27.3	1.6488	2.4340	5.4958	129.8129	1.0000
16:01:09.3	1.6610	2.8357	5.5366	151.2352	1.0000
16:01:19.3	1.6610	2.7038	5.5366	144.2010	1.0000
16:01:20.3	1.6610	2.6558	5.5366	141.6431	1.0000
16:01:21.3	1.6610	2.6318	5.5366	140.3642	1.0000
16:01:22.3	1.6610	2.6078	5.5366	139.0852	1.0000
16:01:24.3	1.6610	2.5179	5.5366	134.2892	1.0000
16:01:25.3	1.6610	2.4340	5.5366	129.8129	1.0000
16:02:28.3	1.6610	2.4879	5.5366	132.6905	1.0000
16:02:29.3	1.6610	2.5179	5.5366	134.2892	1.0000
16:02:30.3	1.6610	2.5839	5.5366	137.8063	1.0000
16:01:10.3	1.6732	2.8776	5.5773	153.4734	1.0000
16:01:11.3	1.6854	2.8477	5.6180	151.8747	1.0000
16:01:13.3	1.6854	2.8596	5.6180	152.5142	1.0000
16:01:18.3	1.6854	2.7877	5.6180	148.6773	1.0000
16:02:31.3	1.6854	2.6078	5.6180	139.0852	1.0000
16:02:32.3	1.6854	2.6558	5.6180	141.6431	1.0000
16:02:33.3	1.6854	2.6918	5.6180	143.5616	1.0000
16:02:34.3	1.6854	2.7397	5.6180	146.1194	1.0000
16:01:12.3	1.7098	2.8836	5.6994	153.7931	1.0000
16:01:14.3	1.7098	2.8477	5.6994	151.8747	1.0000
16:01:15.3	1.7098	2.8477	5.6994	151.8747	1.0000
16:01:17.3	1.7098	2.8417	5.6994	151.5550	1.0000
16:02:35.3	1.7098	2.7757	5.6994	148.0379	1.0000
16:02:36.3	1.7098	2.7937	5.6994	148.9971	1.0000
16:02:37.3	1.7098	2.8477	5.6994	151.8747	1.0000
16:02:39.3	1.7098	2.8956	5.6994	154.4326	1.0000
16:02:40.3	1.7098	2.8896	5.6994	154.1128	1.0000
16:01:16.3	1.7342	2.8417	5.7808	151.5550	1.0000
16:02:38.3	1.7342	2.8716	5.7808	153.1536	1.0000
16:02:41.3	1.7342	2.8896	5.7808	154.1128	1.0000
16:02:42.3	1.7342	2.9016	5.7808	154.7523	1.0000
16:02:43.3	1.7587	2.8896	5.8622	154.1128	1.0000
16:02:44.3	1.7587	2.9076	5.8622	155.0721	1.0000
16:02:45.3	1.7831	2.9376	5.9437	156.6707	1.0000
16:02:46.3	1.7831	2.9196	5.9437	155.7115	1.0000
16:02:47.3	1.7953	2.8956	5.9844	154.4326	1.0000
16:02:48.3	1.7953	2.9256	5.9844	156.0313	1.0000
16:02:49.3	1.7953	2.9616	5.9844	157.9497	1.0000
16:02:50.3	1.8075	2.8776	6.0251	153.4734	1.0000
16:02:51.3	1.8075	2.9016	6.0251	154.7523	1.0000
16:02:52.3	1.8075	2.9316	6.0251	156.3510	1.0000
16:02:54.3	1.8197	2.9256	6.0658	156.0313	1.0000
16:02:53.3	1.8319	2.9436	6.1065	156.9905	1.0000
16:02:55.3	1.8319	2.9496	6.1065	157.3102	1.0000
16:02:56.3	1.8319	2.9556	6.1065	157.6299	1.0000
16:02:57.3	1.8686	2.9496	6.2286	157.3102	1.0000
16:02:58.3	1.8686	2.9436	6.2286	156.9905	1.0000
16:02:59.3	1.8686	2.9855	6.2286	159.2286	1.0000
16:03:00.3	1.8808	2.9436	6.2693	156.9905	1.0000
16:03:01.3	1.8930	2.9975	6.3100	159.8681	1.0000
16:03:02.3	1.9052	2.9556	6.3508	157.6299	1.0000
16:03:03.3	1.9174	2.9915	6.3915	159.5484	1.0000
16:03:04.3	1.9174	2.9676	6.3915	158.2694	1.0000
16:03:05.3	1.9297	2.9735	6.4322	158.5892	1.0000
16:03:06.3	1.9541	2.9616	6.5136	157.9497	1.0000
16:03:07.3	1.9663	2.9855	6.5543	159.2286	1.0000
16:03:08.3	1.9663	3.0035	6.5543	160.1878	1.0000
16:03:09.3	1.9663	3.0155	6.5543	160.8273	1.0000
16:03:10.3	1.9663	3.0095	6.5543	160.5076	1.0000
16:03:11.3	1.9785	3.0155	6.5950	160.8273	1.0000
16:03:12.3	1.9907	2.9795	6.6357	158.9089	1.0000
16:03:13.3	2.0029	2.9795	6.6764	158.9089	1.0000
16:03:14.3	2.0029	3.0095	6.6764	160.5076	1.0000
16:03:15.3	2.0151	2.9496	6.7171	157.3102	1.0000
16:03:16.3	2.0151	2.9735	6.7171	158.5892	1.0000
16:03:17.3	2.0274	2.9915	6.7579	159.5484	1.0000
16:03:18.3	2.0274	3.0215	6.7579	161.1470	1.0000
16:03:19.3	2.0396	2.9855	6.7986	159.2286	1.0000
16:03:21.3	2.0396	3.0095	6.7986	160.5076	1.0000
16:03:20.3	2.0518	2.9676	6.8393	158.2694	1.0000
16:03:22.3	2.0518	2.9855	6.8393	159.2286	1.0000
16:03:23.3	2.0518	2.9915	6.8393	159.5484	1.0000
16:03:24.3	2.0762	2.9496	6.9207	157.3102	1.0000
16:03:25.3	2.0762	2.9975	6.9207	159.8681	1.0000
16:03:26.3	2.0762	2.9556	6.9207	157.6299	1.0000
16:03:27.3	2.0884	3.0095	6.9614	160.5076	1.0000
16:03:28.3	2.1006	2.9496	7.0021	157.3102	1.0000
16:03:29.3	2.1006	3.0155	7.0021	160.8273	1.0000
16:03:30.3	2.1128	2.9795	7.0428	158.9089	1.0000
16:03:31.3	2.1251	2.9915	7.0835	159.5484	1.0000
16:03:32.3	2.1373	2.9915	7.1242	159.5484	1.0000
16:03:33.3	2.1373	2.9915	7.1242	159.5484	1.0000
16:03:34.3	2.1495	2.9975	7.1650	159.8681	1.0000
16:03:35.3	2.1739	2.9855	7.2464	159.2286	1.0000
16:03:36.3	2.1861	2.9795	7.2871	158.9089	1.0000
16:03:37.3	2.2106	2.9616	7.3685	157.9497	1.0000
16:03:38.3	2.2106	3.0215	7.3685	161.1470	1.0000
16:03:39.3	2.2228	2.9975	7.4092	159.8681	1.0000
16:03:40.3	2.2350	3.0155	7.4499	160.8273	1.0000
16:03:41.3	2.2350	3.0095	7.4499	160.5076	1.0000
16:03:42.3	2.2472	3.0335	7.4906	161.7865	1.0000
16:03:43.3	2.2594	3.0635	7.5313	163.3852	1.0000
16:03:44.3	2.2716	3.0875	7.5721	164.6641	1.0000
16:03:45.3	2.2838	3.0575	7.6128	163.0655	1.0000
16:03:46.3	2.3083	3.0395	7.6942	162.1063	1.0000
16:03:47.3	2.3205	3.0515	7.7349	162.7457	1.0000
16:03:48.3	2.3205	3.0635	7.7349	163.3852	1.0000
16:03:51.3	2.3327	3.0875	7.7756	164.6641	1.0000
16:03:49.3	2.3449	3.0395	7.8163	162.1063	1.0000
16:03:50.3	2.3449	3.0695	7.8163	163.7049	1.0000
16:03:52.3	2.3449	3.0575	7.8163	163.0655	1.0000
16:03:53.3	2.3571	3.0875	7.8570	164.6641	1.0000
16:03:54.3	2.3693	3.1054	7.8977	165.6234	1.0000
16:03:55.3	2.3937	3.0815	7.9792	164.3444	1.0000
16:03:56.3	2.4060	3.0695	8.0199	163.7049	1.0000
16:03:57.3	2.4182	3.0934	8.0606	164.9839	1.0000
16:03:58.3	2.4182	3.0755	8.0606	164.0247	1.0000
16:03:59.3	2.4304	3.0635	8.1013	163.3852	1.0000
16:04:00.3	2.4426	3.0755	8.1420	164.0247	1.0000
16:04:01.3	2.4670	3.0695	8.2234	163.7049	1.0000
16:04:02.3	2.4670	3.0875	8.2234	164.6641	1.0000
16:04:03.3	2.4670	3.0994	8.2234	165.3036	1.0000
16:04:05.3	2.4792	3.1054	8.2641	165.6234	1.0000
16:04:04.3	2.4915	3.0695	8.3048	163.7049	1.0000
16:04:06.3	2.5037	3.0455	8.3455	162.4260	1.0000
16:04:07.3	2.5159	3.0994	8.3863	165.3036	1.0000
16:04:08.3	2.5281	3.0755	8.4270	164.0247	1.0000
16:04:09.3	2.5403	3.0934	8.4677	164.9839	1.0000
16:04:10.3	2.5403	3.1054	8.4677	165.6234	1.0000
16:04:11.3	2.5525	3.0695	8.5084	163.7049	1.0000
16:04:12.3	2.5892	3.0695	8.6305	163.7049	1.0000
16:04:13.3	2.6014	3.0875	8.6712	164.6641	1.0000
16:04:15.3	2.6136	3.0755	8.7119	164.0247	1.0000
16:04:14.3	2.6258	3.0455	8.7526	162.4260	1.0000
16:04:16.3	2.6380	3.0875	8.7934	164.6641	1.0000
16:04:17.3	2.6380	3.1054	8.7934	165.6234	1.0000
16:04:18.3	2.6380	3.0815	8.7934	164.3444	1.0000
16:04:19.3	2.6380	3.1114	8.7934	165.9431	1.0000
16:04:20.3	2.6624	3.1114	8.8748	165.9431	1.0000
16:04:21.3	2.6624	3.1114	8.8748	165.9431	1.0000
16:04:22.3	2.6869	3.1114	8.9562	165.9431	1.0000
16:04:23.3	2.6869	3.1054	8.9562	165.6234	1.0000
16:04:24.3	2.6869	3.1294	8.9562	166.9023	1.0000
16:04:25.3	2.6991	3.1354	8.9969	167.2220	1.0000
16:04:26.3	2.6991	3.1174	8.9969	166.2628	1.0000
16:04:27.3	2.7113	3.0875	9.0376	164.6641	1.0000
16:04:28.3	2.7113	3.1294	9.0376	166.9023	1.0000
16:04:29.3	2.7113	3.1414	9.0376	167.5418	1.0000
16:04:30.3	2.7235	3.1174	9.0783	166.2628	1.0000
16:04:31.3	2.7235	3.1174	9.0783	166.2628	1.0000
16:04:32.3	2.7357	3.1594	9.1190	168.5010	1.0000
16:04:35.3	2.7357	3.1294	9.1190	166.9023	1.0000
16:04:33.3	2.7479	3.1174	9.1597	166.2628	1.0000
16:04:34.3	2.7601	3.1054	9.2005	165.6234	1.0000
16:04:36.3	2.7601	3.1474	9.2005	167.8615	1.0000
16:04:37.3	2.7601	3.1054	9.2005	165.6234	1.0000
16:04:38.3	2.7846	3.1594	9.2819	168.5010	1.0000
16:04:39.3	2.7846	3.1414	9.2819	167.5418	1.0000
16:04:40.3	2.7846	3.1834	9.2819	169.7799	1.0000
16:04:41.3	2.8090	3.1534	9.3633	168.1812	1.0000
16:04:42.3	2.8090	3.1894	9.3633	170.0997	1.0000
16:04:43.3	2.8090	3.1594	9.3633	168.5010	1.0000
16:04:44.3	2.8212	3.1894	9.4040	170.0997	1.0000
16:04:45.3	2.8456	3.1894	9.4854	170.0997	1.0000
16:04:46.3	2.8701	3.1714	9.5668	169.1404	1.0000
16:04:47.3	2.8823	3.1894	9.6076	170.0997	1.0000
16:04:48.3	2.8823	3.1834	9.6076	169.7799	1.0000
16:04:49.3	2.8823	3.1354	9.6076	167.2220	1.0000
16:04:50.3	2.8823	3.1594	9.6076	168.5010	1.0000
16:04:51.3	2.8945	3.1774	9.6483	169.4602	1.0000
16:04:52.3	2.8945	3.2133	9.6483	171.3786	1.0000
16:04:54.3	2.8945	3.1894	9.6483	170.0997	1.0000
16:04:53.3	2.9067	3.2373	9.6890	172.6575	1.0000
16:04:55.3	2.9067	3.1474	9.6890	167.8615	1.0000
16:04:56.3	2.9067	3.1534	9.6890	168.1812	1.0000
16:04:57.3	2.9067	3.1714	9.6890	169.1404	1.0000
16:04:58.3	2.9067	3.1834	9.6890	169.7799	1.0000
16:05:00.3	2.9067	3.2193	9.6890	171.6983	1.0000
16:04:59.3	2.9189	3.2074	9.7297	171.0589	1.0000
16:05:01.3	2.9311	3.1894	9.7704	170.0997	1.0000
16:05:02.3	2.9311	3.1474	9.7704	167.8615	1.0000
16:05:03.3	2.9311	3.1474	9.7704	167.8615	1.0000
16:05:04.3	2.9311	3.1414	9.7704	167.5418	1.0000
16:05:05.3	2.9311	3.1714	9.7704	169.1404	1.0000
16:05:06.3	2.9555	3.1894	9.8518	170.0997	1.0000
16:05:07.3	2.9678	3.1894	9.8925	170.0997	1.0000
16:05:08.3	2.9800	3.2193	9.9332	171.6983	1.0000
16:05:09.3	2.9922	3.1534	9.9739	168.1812	1.0000
16:05:10.3	2.9922	3.1894	9.9739	170.0997	1.0000
16:05:11.3	3.0044	3.2074	10.0147	171.0589	1.0000
16:05:12.3	3.0044	3.2313	10.0147	172.3378	1.0000
16:05:13.3	3.0044	3.1534	10.0147	168.1812	1.0000
16:05:14.3	3.0044	3.1774	10.0147	169.4602	1.0000
16:05:16.3	3.0044	3.2074	10.0147	171.0589	1.0000
16:05:17.3	3.0044	3.1834	10.0147	169.7799	1.0000
16:05:19.3	3.0044	3.1714	10.0147	169.1404	1.0000
16:05:15.3	3.0166	3.2074	10.0554	171.0589	1.0000
16:05:18.3	3.0288	3.1474	10.0961	167.8615	1.0000
16:05:20.3	3.0288	3.1954	10.0961	170.4194	1.0000
16:05:21.3	3.0288	3.2253	10.0961	172.0181	1.0000
16:05:22.3	3.0288	3.1654	10.0961	168.8207	1.0000
16:05:23.3	3.0532	3.1954	10.1775	170.4194	1.0000
16:05:24.3	3.0532	3.2373	10.1775	172.6575	1.0000
16:05:25.3	3.0655	3.1594	10.2182	168.5010	1.0000
16:05:26.3	3.0777	3.2074	10.2589	171.0589	1.0000
16:05:27.3	3.0777	3.1354	10.2589	167.2220	1.0000
16:05:28.3	3.0777	3.1294	10.2589	166.9023	1.0000
16:05:29.3	3.0777	3.1774	10.2589	169.4602	1.0000
16:05:30.3	3.1021	3.1954	10.3403	170.4194	1.0000
16:05:31.3	3.1143	3.1654	10.3810	168.8207	1.0000
16:05:32.3	3.1387	3.1954	10.4625	170.4194	1.0000
16:05:33.3	3.1510	3.1834	10.5032	169.7799	1.0000
16:05:34.3	3.1510	3.1654	10.5032	168.8207	1.0000
16:05:35.3	3.1754	3.1414	10.5846	167.5418	1.0000
16:05:36.3	3.1876	3.1774	10.6253	169.4602	1.0000
16:05:37.3	3.1876	3.1654	10.6253	168.8207	1.0000
16:05:38.3	3.1998	3.1594	10.6660	168.5010	1.0000
16:05:39.3	3.1998	3.1894	10.6660	170.0997	1.0000
16:05:40.3	3.1998	3.1474	10.6660	167.8615	1.0000
16:05:41.3	3.2120	3.2014	10.7067	170.7391	1.0000
16:05:42.3	3.2242	3.1654	10.7474	168.8207	1.0000
16:05:43.3	3.2242	3.1774	10.7474	169.4602	1.0000
16:05:44.3	3.2487	3.1894	10.8289	170.0997	1.0000
16:05:45.3	3.2487	3.2014	10.8289	170.7391	1.0000
16:05:46.3	3.2609	3.2193	10.8696	171.6983	1.0000
16:05:47.3	3.2731	3.1834	10.9103	169.7799	1.0000
16:05:48.3	3.2731	3.2253	10.9103	172.0181	1.0000
16:05:49.3	3.2853	3.1654	10.9510	168.8207	1.0000
16:05:50.3	3.2975	3.1894	10.9917	170.0997	1.0000
16:05:51.3	3.3219	3.2193	11.0731	171.6983	1.0000
16:05:52.3	3.3219	3.1714	11.0731	169.1404	1.0000
16:05:53.3	3.3219	3.1954	11.0731	170.4194	1.0000
16:05:54.3	3.3464	3.2074	11.1545	171.0589	1.0000
16:05:55.3	3.3708	3.2553	11.2360	173.6168	1.0000
16:05:56.3	3.3830	3.1834	11.2767	169.7799	1.0000
16:05:57.3	3.3952	3.2133	11.3174	171.3786	1.0000
16:05:58.3	3.3952	3.2433	11.3174	172.9773	1.0000
16:05:59.3	3.4196	3.2433	11.3988	172.9773	1.0000
16:06:00.3	3.4319	3.2553	11.4395	173.6168	1.0000
16:06:01.3	3.4563	3.2613	11.5209	173.9365	1.0000
16:06:02.3	3.4807	3.2433	11.6023	172.9773	1.0000
16:06:03.3	3.4929	3.2074	11.6431	171.0589	1.0000
16:06:04.3	3.4929	3.2613	11.6431	173.9365	1.0000
16:06:05.3	3.5173	3.2193	11.7245	171.6983	1.0000
16:06:06.3	3.5296	3.2673	11.7652	174.2562	1.0000
16:06:07.3	3.5418	3.2853	11.8059	175.2154	1.0000
16:06:08.3	3.5540	3.2553	11.8466	173.6168	1.0000
16:06:09.3	3.5662	3.3153	11.8873	176.8141	1.0000
16:06:10.3	3.5662	3.2253	11.8873	172.0181	1.0000
16:06:11.3	3.5906	3.2853	11.9687	175.2154	1.0000
16:06:12.3	3.5906	3.2433	11.9687	172.9773	1.0000
16:06:13.3	3.6028	3.2853	12.0094	175.2154	1.0000
16:06:14.3	3.6150	3.2373	12.0502	172.6575	1.0000
16:06:15.3	3.6150	3.2793	12.0502	174.8957	1.0000
16:06:16.3	3.6395	3.2973	12.1316	175.8549	1.0000
16:06:17.3	3.6395	3.2613	12.1316	173.9365	1.0000
16:06:18.3	3.6395	3.2373	12.1316	172.6575	1.0000
16:06:20.3	3.6395	3.2973	12.1316	175.8549	1.0000
16:06:19.3	3.6517	3.2853	12.1723	175.2154	1.0000
16:06:21.3	3.6517	3.2253	12.1723	172.0181	1.0000
16:06:22.3	3.6639	3.2793	12.2130	174.8957	1.0000
16:06:23.3	3.6639	3.2613	12.2130	173.9365	1.0000
16:06:24.3	3.6761	3.2373	12.2537	172.6575	1.0000
16:06:25.3	3.6883	3.2493	12.2944	173.2970	1.0000
16:06:26.3	3.6883	3.2793	12.2944	174.8957	1.0000
16:06:27.3	3.7250	3.2793	12.4165	174.8957	1.0000
16:06:28.3	3.7372	3.2553	12.4573	173.6168	1.0000
16:06:29.3	3.7616	3.2553	12.5387	173.6168	1.0000
16:06:30.3	3.7616	3.2493	12.5387	173.2970	1.0000
16:06:31.3	3.7860	3.2913	12.6201	175.5352	1.0000
16:06:32.3	3.7860	3.2553	12.6201	173.6168	1.0000
16:06:33.3	3.7982	3.2014	12.6608	170.7391	1.0000
16:06:34.3	3.7982	3.1954	12.6608	170.4194	1.0000
16:06:35.3	3.8105	3.2553	12.7015	173.6168	1.0000
16:06:36.3	3.8105	3.2853	12.7015	175.2154	1.0000
16:06:37.3	3.8105	3.2673	12.7015	174.2562	1.0000
16:06:39.3	3.8227	3.2853	12.7422	175.2154	1.0000
16:06:40.3	3.8227	3.2853	12.7422	175.2154	1.0000
16:06:38.3	3.8349	3.2493	12.7829	173.2970	1.0000
16:06:41.3	3.8471	3.2613	12.8236	173.9365	1.0000
16:06:42.3	3.8715	3.2673	12.9051	174.2562	1.0000
16:06:43.3	3.8837	3.2553	12.9458	173.6168	1.0000
16:06:44.3	3.8837	3.2793	12.9458	174.8957	1.0000
16:06:45.3	3.9082	3.3093	13.0272	176.4944	1.0000
16:06:46.3	3.9082	3.2673	13.0272	174.2562	1.0000
16:06:48.3	3.9204	3.2613	13.0679	173.9365	1.0000
16:06:47.3	3.9326	3.2433	13.1086	172.9773	1.0000
16:06:49.3	3.9326	3.2913	13.1086	175.5352	1.0000
16:06:50.3	3.9326	3.3093	13.1086	176.4944	1.0000
16:06:51.3	3.9326	3.2733	13.1086	174.5760	1.0000
16:06:53.3	3.9326	3.2373	13.1086	172.6575	1.0000
16:06:52.3	3.9448	3.2373	13.1493	172.6575	1.0000
16:06:54.3	3.9570	3.2853	13.1900	175.2154	1.0000
16:06:55.3	3.9570	3.2793	13.1900	174.8957	1.0000
16:06:56.3	3.9692	3.2553	13.2307	173.6168	1.0000
16:06:57.3	3.9814	3.2373	13.2715	172.6575	1.0000
16:06:58.3	3.9936	3.2553	13.3122	173.6168	1.0000
16:06:59.3	4.0059	3.2433	13.3529	172.9773	1.0000
16:07:00.3	4.0059	3.2613	13.3529	173.9365	1.0000
16:07:01.3	4.0059	3.2613	13.3529	173.9365	1.0000
16:07:02.3	4.0303	3.2613	13.4343	173.9365	1.0000
16:07:03.3	4.0303	3.3033	13.4343	176.1746	1.0000
16:07:04.3	4.0303	3.2733	13.4343	174.5760	1.0000
16:07:05.3	4.0425	3.2733	13.4750	174.5760	1.0000
16:07:06.3	4.0547	3.2913	13.5157	175.5352	1.0000
16:07:07.3	4.0669	3.2793	13.5564	174.8957	1.0000
16:07:08.3	4.0914	3.2733	13.6378	174.5760	1.0000
16:07:09.3	4.1036	3.2973	13.6786	175.8549	1.0000
16:07:10.3	4.1280	3.2853	13.7600	175.2154	1.0000
16:07:11.3	4.1280	3.3213	13.7600	177.1339	1.0000
16:07:12.3	4.1524	3.3153	13.8414	176.8141	1.0000
16:07:13.3	4.1524	3.3033	13.8414	176.1746	1.0000
16:07:14.3	4.1768	3.2973	13.9228	175.8549	1.0000
16:07:15.3	4.1768	3.3153	13.9228	176.8141	1.0000
16:07:16.3	4.1891	3.3273	13.9635	177.4536	1.0000
16:07:17.3	4.2257	3.3033	14.0857	176.1746	1.0000
16:07:18.3	4.2379	3.3512	14.1264	178.7325	1.0000
16:07:19.3	4.2501	3.2853	14.1671	175.2154	1.0000
16:07:20.3	4.2501	3.3332	14.1671	177.7733	1.0000
16:07:21.3	4.2623	3.2973	14.2078	175.8549	1.0000
16:07:22.3	4.2623	3.2793	14.2078	174.8957	1.0000
16:07:23.3	4.2745	3.3153	14.2485	176.8141	1.0000
16:07:24.3	4.2868	3.2733	14.2892	174.5760	1.0000
16:07:25.3	4.2990	3.3273	14.3299	177.4536	1.0000
16:07:26.3	4.3112	3.2853	14.3706	175.2154	1.0000
16:07:27.3	4.3356	3.3153	14.4520	176.8141	1.0000
16:07:28.3	4.3478	3.3332	14.4928	177.7733	1.0000
16:07:29.3	4.3478	3.2913	14.4928	175.5352	1.0000
16:07:30.3	4.3478	3.3452	14.4928	178.4128	1.0000
16:07:31.3	4.3723	3.2853	14.5742	175.2154	1.0000
16:07:32.3	4.3723	3.3213	14.5742	177.1339	1.0000
16:07:33.3	4.3723	3.3153	14.5742	176.8141	1.0000
16:07:34.3	4.3845	3.3572	14.6149	179.0523	1.0000
16:07:35.3	4.3967	3.3392	14.6556	178.0931	1.0000
16:07:36.3	4.4211	3.3332	14.7370	177.7733	1.0000
16:07:37.3	4.4333	3.2853	14.7777	175.2154	1.0000
16:07:38.3	4.4455	3.3093	14.8184	176.4944	1.0000
16:07:39.3	4.4577	3.3153	14.8591	176.8141	1.0000
16:07:40.3	4.4700	3.3213	14.8999	177.1339	1.0000
16:07:41.3	4.4822	3.3213	14.9406	177.1339	1.0000
16:07:42.3	4.4944	3.3512	14.9813	178.7325	1.0000
16:07:43.3	4.4944	3.3153	14.9813	176.8141	1.0000
16:07:44.3	4.5310	3.2913	15.1034	175.5352	1.0000
16:07:45.3	4.5432	3.3093	15.1441	176.4944	1.0000
16:07:46.3	4.5432	3.3153	15.1441	176.8141	1.0000
16:07:47.3	4.5554	3.3392	15.1848	178.0931	1.0000
16:07:48.3	4.5554	3.3273	15.1848	177.4536	1.0000
16:07:49.3	4.5677	3.3093	15.2255	176.4944	1.0000
16:07:50.3	4.5799	3.3153	15.2662	176.8141	1.0000
16:07:51.3	4.5921	3.3392	15.3070	178.0931	1.0000
16:07:52.3	4.5921	3.3093	15.3070	176.4944	1.0000
16:07:53.3	4.6165	3.2913	15.3884	175.5352	1.0000
16:07:54.3	4.6409	3.3332	15.4698	177.7733	1.0000
16:07:55.3	4.6654	3.2973	15.5512	175.8549	1.0000
16:07:56.3	4.6898	3.3213	15.6326	177.1339	1.0000
16:07:57.3	4.7020	3.3093	15.6733	176.4944	1.0000
16:07:58.3	4.7142	3.3273	15.7141	177.4536	1.0000
16:07:59.3	4.7264	3.3213	15.7548	177.1339	1.0000
16:08:00.3	4.7386	3.2973	15.7955	175.8549	1.0000
16:08:01.3	4.7386	3.3332	15.7955	177.7733	1.0000
16:08:02.3	4.7509	3.3332	15.8362	177.7733	1.0000
16:08:03.3	4.7631	3.3213	15.8769	177.1339	1.0000
16:08:04.3	4.7631	3.3572	15.8769	179.0523	1.0000
16:08:05.3	4.7753	3.3153	15.9176	176.8141	1.0000
16:08:06.3	4.7997	3.3273	15.9990	177.4536	1.0000
16:08:07.3	4.8241	3.3093	16.0804	176.4944	1.0000
16:08:08.3	4.8363	3.3572	16.1212	179.0523	1.0000
16:08:09.3	4.8608	3.3572	16.2026	179.0523	1.0000
16:08:10.3	4.8608	3.3692	16.2026	179.6917	1.0000
16:08:11.3	4.8852	3.3332	16.2840	177.7733	1.0000
16:08:12.3	4.8974	3.3332	16.3247	177.7733	1.0000
16:08:13.3	4.9096	3.3512	16.3654	178.7325	1.0000
16:08:14.3	4.9096	3.3512	16.3654	178.7325	1.0000
16:08:15.3	4.9096	3.3812	16.3654	180.3312	1.0000
16:08:16.3	4.9340	3.3752	16.4468	180.0115	1.0000
16:08:17.3	4.9585	3.3392	16.5283	178.0931	1.0000
16:08:18.3	4.9585	3.3752	16.5283	180.0115	1.0000
16:08:19.3	4.9707	3.3213	16.5690	177.1339	1.0000
16:08:20.3	4.9707	3.3632	16.5690	179.3720	1.0000
16:08:21.3	4.9707	3.3512	16.5690	178.7325	1.0000
16:08:23.3	4.9829	3.3752	16.6097	180.0115	1.0000
16:08:22.3	4.9951	3.3452	16.6504	178.4128	1.0000
16:08:24.3	5.0073	3.3992	16.6911	181.2904	1.0000
16:08:25.3	5.0073	3.3932	16.6911	180.9707	1.0000
16:08:26.3	5.0318	3.3512	16.7725	178.7325	1.0000
16:08:27.3	5.0318	3.3872	16.7725	180.6510	1.0000
16:08:28.3	5.0562	3.3153	16.8539	176.8141	1.0000
16:08:29.3	5.0684	3.3273	16.8946	177.4536	1.0000
16:08:30.3	5.0806	3.3812	16.9354	180.3312	1.0000
16:08:31.3	5.0928	3.3273	16.9761	177.4536	1.0000
16:08:32.3	5.1050	3.3812	17.0168	180.3312	1.0000
16:08:33.3	5.1050	3.3872	17.0168	180.6510	1.0000
16:08:34.3	5.1050	3.4172	17.0168	182.2496	1.0000
16:08:35.3	5.1295	3.3332	17.0982	177.7733	1.0000
16:08:36.3	5.1417	3.3452	17.1389	178.4128	1.0000
16:08:37.3	5.1417	3.3692	17.1389	179.6917	1.0000
16:08:38.3	5.1539	3.3572	17.1796	179.0523	1.0000
16:08:39.3	5.1783	3.3452	17.2610	178.4128	1.0000
16:08:40.3	5.1783	3.3932	17.2610	180.9707	1.0000
16:08:41.3	5.2027	3.3572	17.3425	179.0523	1.0000
16:08:42.3	5.2149	3.3273	17.3832	177.4536	1.0000
16:08:43.3	5.2272	3.3872	17.4239	180.6510	1.0000
16:08:44.3	5.2272	3.3332	17.4239	177.7733	1.0000
16:08:45.3	5.2394	3.3452	17.4646	178.4128	1.0000
16:08:46.3	5.2516	3.3512	17.5053	178.7325	1.0000
16:08:48.3	5.2760	3.3512	17.5867	178.7325	1.0000
16:08:47.3	5.2882	3.3572	17.6274	179.0523	1.0000
16:08:49.3	5.3004	3.3812	17.6681	180.3312	1.0000
16:08:50.3	5.3004	3.3752	17.6681	180.0115	1.0000
16:08:51.3	5.3004	3.3332	17.6681	177.7733	1.0000
16:08:52.3	5.3127	3.3512	17.7088	178.7325	1.0000
16:08:53.3	5.3249	3.3692	17.7496	179.6917	1.0000
16:08:54.3	5.3493	3.3213	17.8310	177.1339	1.0000
16:08:55.3	5.3493	3.3872	17.8310	180.6510	1.0000
16:08:56.3	5.3493	3.3632	17.8310	179.3720	1.0000
16:08:57.3	5.3615	3.3452	17.8717	178.4128	1.0000
16:08:58.3	5.3615	3.3932	17.8717	180.9707	1.0000
16:09:00.3	5.3615	3.3812	17.8717	180.3312	1.0000
16:08:59.3	5.3981	3.4052	17.9938	181.6102	1.0000
16:09:01.3	5.3981	3.3392	17.9938	178.0931	1.0000
16:09:03.3	5.3981	3.3093	17.9938	176.4944	1.0000
16:09:02.3	5.4104	3.4052	18.0345	181.6102	1.0000
16:09:04.3	5.4104	3.3213	18.0345	177.1339	1.0000
16:09:05.3	5.4104	3.3632	18.0345	179.3720	1.0000
16:09:06.3	5.4348	3.3692	18.1159	179.6917	1.0000
16:09:07.3	5.4348	3.3932	18.1159	180.9707	1.0000
16:09:09.3	5.4592	3.3872	18.1974	180.6510	1.0000
16:09:08.3	5.4714	3.3572	18.2381	179.0523	1.0000
16:09:10.3	5.4836	3.3512	18.2788	178.7325	1.0000
16:09:11.3	5.4958	3.3932	18.3195	180.9707	1.0000
16:09:12.3	5.5081	3.3512	18.3602	178.7325	1.0000
16:09:13.3	5.5203	3.3692	18.4009	179.6917	1.0000
16:09:14.3	5.5325	3.3752	18.4416	180.0115	1.0000
16:09:15.3	5.5325	3.3632	18.4416	179.3720	1.0000
16:09:16.3	5.5569	3.3572	18.5230	179.0523	1.0000
16:09:17.3	5.5691	3.3512	18.5638	178.7325	1.0000
16:09:18.3	5.5813	3.3572	18.6045	179.0523	1.0000
16:09:19.3	5.5936	3.3512	18.6452	178.7325	1.0000
16:09:20.3	5.6058	3.3932	18.6859	180.9707	1.0000
16:09:21.3	5.6302	3.3392	18.7673	178.0931	1.0000
16:09:22.3	5.6668	3.3572	18.8894	179.0523	1.0000
16:09:23.3	5.6668	3.3572	18.8894	179.0523	1.0000
16:09:24.3	5.7035	3.3273	19.0116	177.4536	1.0000
16:09:25.3	5.7157	3.3153	19.0523	176.8141	1.0000
16:09:26.3	5.7279	3.3392	19.0930	178.0931	1.0000
16:09:27.3	5.7401	3.3392	19.1337	178.0931	1.0000
16:09:28.3	5.7523	3.3273	19.1744	177.4536	1.0000
16:09:30.3	5.7523	3.3872	19.1744	180.6510	1.0000
16:09:29.3	5.7645	3.3692	19.2151	179.6917	1.0000
16:09:31.3	5.7890	3.3812	19.2965	180.3312	1.0000
16:09:32.3	5.8012	3.3872	19.3372	180.6510	1.0000
16:09:33.3	5.8134	3.3512	19.3780	178.7325	1.0000
16:09:34.3	5.8378	3.3632	19.4594	179.3720	1.0000
16:09:35.3	5.8500	3.3872	19.5001	180.6510	1.0000
16:09:36.3	5.8867	3.3812	19.6222	180.3312	1.0000
16:09:37.3	5.9111	3.3812	19.7036	180.3312	1.0000
16:09:38.3	5.9355	3.3452	19.7851	178.4128	1.0000
16:09:39.3	5.9355	3.3812	19.7851	180.3312	1.0000
16:09:40.3	5.9477	3.4052	19.8258	181.6102	1.0000
16:09:41.3	5.9599	3.4232	19.8665	182.5694	1.0000
16:09:44.3	5.9599	3.4112	19.8665	181.9299	1.0000
16:09:42.3	5.9722	3.3572	19.9072	179.0523	1.0000
16:09:43.3	5.9722	3.3992	19.9072	181.2904	1.0000
16:09:45.3	5.9966	3.3572	19.9886	179.0523	1.0000
16:09:46.3	5.9966	3.4112	19.9886	181.9299	1.0000
16:09:48.3	5.9966	3.4352	19.9886	183.2088	1.0000
16:09:47.3	6.0088	3.4232	20.0293	182.5694	1.0000
16:09:49.3	6.0210	3.3752	20.0700	180.0115	1.0000
16:09:50.3	6.0332	3.3992	20.1107	181.2904	1.0000
16:09:51.3	6.0454	3.4052	20.1514	181.6102	1.0000
16:09:52.3	6.0454	3.3932	20.1514	180.9707	1.0000
16:09:53.3	6.0821	3.3692	20.2736	179.6917	1.0000
16:09:54.3	6.0821	3.3692	20.2736	179.6917	1.0000
16:09:55.3	6.0821	3.3932	20.2736	180.9707	1.0000
16:09:56.3	6.0943	3.4112	20.3143	181.9299	1.0000
16:09:57.3	6.0943	3.3812	20.3143	180.3312	1.0000
16:09:58.3	6.0943	3.3512	20.3143	178.7325	1.0000
16:09:59.3	6.1065	3.3932	20.3550	180.9707	1.0000
16:10:00.3	6.1187	3.3992	20.3957	181.2904	1.0000
16:10:01.3	6.1309	3.3992	20.4364	181.2904	1.0000
16:10:02.3	6.1309	3.4292	20.4364	182.8891	1.0000
16:10:03.3	6.1309	3.3992	20.4364	181.2904	1.0000
16:10:04.3	6.1553	3.3752	20.5178	180.0115	1.0000
16:10:05.3	6.1553	3.3872	20.5178	180.6510	1.0000
16:10:06.3	6.1798	3.4232	20.5993	182.5694	1.0000
16:10:07.3	6.1920	3.3752	20.6400	180.0115	1.0000
16:10:08.3	6.1920	3.3932	20.6400	180.9707	1.0000
16:10:09.3	6.2286	3.3632	20.7621	179.3720	1.0000
16:10:10.3	6.2286	3.4052	20.7621	181.6102	1.0000
16:10:11.3	6.2286	3.4232	20.7621	182.5694	1.0000
16:10:12.3	6.2531	3.4112	20.8435	181.9299	1.0000
16:10:13.3	6.2775	3.3752	20.9249	180.0115	1.0000
16:10:14.3	6.2897	3.3452	20.9656	178.4128	1.0000
16:10:15.3	6.3019	3.3752	21.0064	180.0115	1.0000
16:10:16.3	6.3263	3.3992	21.0878	181.2904	1.0000
16:10:17.3	6.3385	3.3632	21.1285	179.3720	1.0000
16:10:18.3	6.3752	3.3692	21.2506	179.6917	1.0000
16:10:19.3	6.3996	3.3572	21.3320	179.0523	1.0000
16:10:20.3	6.3996	3.3572	21.3320	179.0523	1.0000
16:10:21.3	6.4240	3.3332	21.4135	177.7733	1.0000
16:10:22.3	6.4607	3.3452	21.5356	178.4128	1.0000
16:10:23.3	6.4729	3.3452	21.5763	178.4128	1.0000
16:10:24.3	6.4729	3.3512	21.5763	178.7325	1.0000
16:10:25.3	6.4851	3.3632	21.6170	179.3720	1.0000
16:10:26.3	6.4973	3.3752	21.6577	180.0115	1.0000
16:10:27.3	6.5217	3.3452	21.7391	178.4128	1.0000
16:10:28.3	6.5462	3.3332	21.8206	177.7733	1.0000
16:10:29.3	6.5706	3.3273	21.9020	177.4536	1.0000
16:10:30.3	6.5828	3.3153	21.9427	176.8141	1.0000
16:10:31.3	6.6072	3.2973	22.0241	175.8549	1.0000
16:10:32.3	6.6194	3.3033	22.0648	176.1746	1.0000
16:10:33.3	6.6194	3.3093	22.0648	176.4944	1.0000
16:10:34.3	6.6561	3.2913	22.1869	175.5352	1.0000
16:10:35.3	6.6561	3.3033	22.1869	176.1746	1.0000
16:10:36.3	6.6683	3.3033	22.2277	176.1746	1.0000
16:10:37.3	6.6805	3.2853	22.2684	175.2154	1.0000
16:10:38.3	6.7171	3.2913	22.3905	175.5352	1.0000
16:10:39.3	6.7294	3.2853	22.4312	175.2154	1.0000
16:10:40.3	6.7538	3.2673	22.5126	174.2562	1.0000
16:10:41.3	6.7660	3.2553	22.5533	173.6168	1.0000
16:10:42.3	6.7660	3.2433	22.5533	172.9773	1.0000
16:10:43.3	6.7660	3.2793	22.5533	174.8957	1.0000
16:10:44.3	6.7904	3.2973	22.6348	175.8549	1.0000
16:10:45.3	6.7904	3.2373	22.6348	172.6575	1.0000
16:10:46.3	6.7904	3.2433	22.6348	172.9773	1.0000
16:10:47.3	6.7904	3.2493	22.6348	173.2970	1.0000
16:10:48.3	6.7904	3.2553	22.6348	173.6168	1.0000
16:10:49.3	6.7904	3.2553	22.6348	173.6168	1.0000
16:10:50.3	6.8026	3.2613	22.6755	173.9365	1.0000
16:10:51.3	6.8271	3.2253	22.7569	172.0181	1.0000
16:10:52.3	6.8637	3.1954	22.8790	170.4194	1.0000
16:10:53.3	6.8759	3.2074	22.9197	171.0589	1.0000
16:10:54.3	6.9003	3.2074	23.0011	171.0589	1.0000
16:10:55.3	6.9126	3.1894	23.0418	170.0997	1.0000
16:10:56.3	6.9248	3.1534	23.0826	168.1812	1.0000
16:10:57.3	6.9248	3.1774	23.0826	169.4602	1.0000
16:10:58.3	6.9370	3.1354	23.1233	167.2220	1.0000
16:11:00.3	6.9492	3.0815	23.1640	164.3444	1.0000
16:10:59.3	6.9614	3.1054	23.2047	165.6234	1.0000
16:11:01.3	6.9736	3.1354	23.2454	167.2220	1.0000
16:11:02.3	6.9980	3.1234	23.3268	166.5826	1.0000
16:11:03.3	7.0103	3.1294	23.3675	166.9023	1.0000
16:11:04.3	7.0347	3.0755	23.4489	164.0247	1.0000
16:11:05.3	7.0591	3.0575	23.5304	163.0655	1.0000
16:11:06.3	7.0835	3.0395	23.6118	162.1063	1.0000
16:11:07.3	7.0835	3.0575	23.6118	163.0655	1.0000
16:11:08.3	7.0957	3.0635	23.6525	163.3852	1.0000
16:11:09.3	7.1080	3.0155	23.6932	160.8273	1.0000
16:11:10.3	7.1324	2.9735	23.7746	158.5892	1.0000
16:11:12.3	7.1568	2.9376	23.8560	156.6707	1.0000
16:11:11.3	7.1690	2.9616	23.8968	157.9497	1.0000
16:11:13.3	7.1935	2.9496	23.9782	157.3102	1.0000
16:11:15.3	7.1935	2.9136	23.9782	155.3918	1.0000
16:11:14.3	7.2057	2.9016	24.0189	154.7523	1.0000
16:11:16.3	7.2179	2.8716	24.0596	153.1536	1.0000
16:11:17.3	7.2301	2.8297	24.1003	150.9155	1.0000
16:11:18.3	7.2545	2.8477	24.1817	151.8747	1.0000
16:11:19.3	7.2912	2.7397	24.3039	146.1194	1.0000
16:11:20.3	7.4744	1.3729	24.9145	73.2196	1.0000
16:11:21.3	7.6575	0.0839	25.5252	4.4763	1.0000
16:11:26.3	7.7430	0.0540	25.8101	2.8776	1.0000
16:11:22.3	7.7675	0.1019	25.8915	5.4355	1.0000
16:11:25.3	7.7675	0.0540	25.8915	2.8776	1.0000
16:11:23.3	7.7797	0.0959	25.9323	5.1158	1.0000
16:11:24.3	7.7919	0.0480	25.9730	2.5579	1.0000
Data End	

