Code:	WP 300.20

G.U.N.T. Gerätebau GmbH
Hanskampring 15 -17,
22885 Barsbüttel
Germany, Tel ++4940 / 67 08 54 -0
Date: 18.11.2019	Time: 16:37:40

Name:	stress strain poly
User Comment:	

Data Start
t Time Index	l Distance	F Force	EPS Strain	R	TEST Test	
h:min:s	mm	KN	%	N/mm^2		
16:27:25.3	0.0000	0.0000	0.0000	0.0000	1.0000
16:27:26.3	0.0000	0.0000	0.0000	0.0000	1.0000
16:27:27.3	0.0366	0.0300	0.1221	1.5987	1.0000
16:27:28.3	0.0489	0.0360	0.1628	1.9184	1.0000
16:27:29.3	0.0489	0.0540	0.1628	2.8776	1.0000
16:27:30.3	0.0611	0.0659	0.2035	3.5171	1.0000
16:27:31.3	0.0733	0.0600	0.2443	3.1974	1.0000
16:27:32.3	0.0733	0.0779	0.2443	4.1566	1.0000
16:27:33.3	0.0855	0.0839	0.2850	4.4763	1.0000
16:27:34.3	0.0977	0.0839	0.3257	4.4763	1.0000
16:27:36.3	0.0977	0.1019	0.3257	5.4355	1.0000
16:27:35.3	0.1099	0.0839	0.3664	4.4763	1.0000
16:27:37.3	0.1221	0.1019	0.4071	5.4355	1.0000
16:27:38.3	0.1466	0.1139	0.4885	6.0750	1.0000
16:27:39.3	0.1466	0.1259	0.4885	6.7145	1.0000
16:27:40.3	0.1710	0.1439	0.5699	7.6737	1.0000
16:27:41.3	0.1832	0.1439	0.6106	7.6737	1.0000
16:27:42.3	0.1954	0.1499	0.6514	7.9934	1.0000
16:27:43.3	0.1954	0.1559	0.6514	8.3131	1.0000
16:27:44.3	0.2076	0.1679	0.6921	8.9526	1.0000
16:27:45.3	0.2198	0.1739	0.7328	9.2723	1.0000
16:27:46.3	0.2443	0.1978	0.8142	10.5513	1.0000
16:27:47.3	0.2443	0.2038	0.8142	10.8710	1.0000
16:27:48.3	0.2565	0.2158	0.8549	11.5105	1.0000
16:27:49.3	0.2687	0.2278	0.8956	12.1500	1.0000
16:27:50.3	0.2687	0.2338	0.8956	12.4697	1.0000
16:27:51.3	0.3053	0.2458	1.0177	13.1092	1.0000
16:27:52.3	0.3053	0.2578	1.0177	13.7487	1.0000
16:27:53.3	0.3175	0.2638	1.0585	14.0684	1.0000
16:27:54.3	0.3420	0.2698	1.1399	14.3881	1.0000
16:27:55.3	0.3420	0.2878	1.1399	15.3473	1.0000
16:27:56.3	0.3542	0.2878	1.1806	15.3473	1.0000
16:27:57.3	0.3664	0.3117	1.2213	16.6263	1.0000
16:27:58.3	0.3908	0.3117	1.3027	16.6263	1.0000
16:27:59.3	0.3908	0.3177	1.3027	16.9460	1.0000
16:28:00.3	0.3908	0.3237	1.3027	17.2658	1.0000
16:28:01.3	0.4152	0.3237	1.3841	17.2658	1.0000
16:28:02.3	0.4275	0.3417	1.4248	18.2250	1.0000
16:28:03.3	0.4397	0.3477	1.4656	18.5447	1.0000
16:28:04.3	0.4641	0.3537	1.5470	18.8644	1.0000
16:28:05.3	0.4641	0.3657	1.5470	19.5039	1.0000
16:28:06.3	0.4641	0.3717	1.5470	19.8236	1.0000
16:28:07.3	0.4885	0.3837	1.6284	20.4631	1.0000
16:28:08.3	0.5007	0.3897	1.6691	20.7829	1.0000
16:28:09.3	0.5129	0.4017	1.7098	21.4223	1.0000
16:28:10.3	0.5374	0.4197	1.7912	22.3815	1.0000
16:28:11.3	0.5374	0.4256	1.7912	22.7013	1.0000
16:28:12.3	0.5618	0.4496	1.8727	23.9802	1.0000
16:28:13.3	0.5618	0.4496	1.8727	23.9802	1.0000
16:28:14.3	0.5862	0.4556	1.9541	24.3000	1.0000
16:28:15.3	0.6106	0.4676	2.0355	24.9394	1.0000
16:28:16.3	0.6106	0.4736	2.0355	25.2592	1.0000
16:28:17.3	0.6106	0.4916	2.0355	26.2184	1.0000
16:28:18.3	0.6351	0.5096	2.1169	27.1776	1.0000
16:28:19.3	0.6595	0.5036	2.1983	26.8578	1.0000
16:28:20.3	0.6595	0.5096	2.1983	27.1776	1.0000
16:28:21.3	0.6595	0.5156	2.1983	27.4973	1.0000
16:28:22.3	0.6839	0.5216	2.2798	27.8170	1.0000
16:28:23.3	0.7084	0.5455	2.3612	29.0960	1.0000
16:28:24.3	0.7328	0.5455	2.4426	29.0960	1.0000
16:28:25.3	0.7328	0.5455	2.4426	29.0960	1.0000
16:28:26.3	0.7450	0.5575	2.4833	29.7355	1.0000
16:28:27.3	0.7694	0.5635	2.5647	30.0552	1.0000
16:28:28.3	0.7816	0.5935	2.6054	31.6539	1.0000
16:28:29.3	0.7938	0.6055	2.6461	32.2934	1.0000
16:28:30.3	0.8183	0.6115	2.7276	32.6131	1.0000
16:28:31.3	0.8305	0.6235	2.7683	33.2526	1.0000
16:28:32.3	0.8427	0.6235	2.8090	33.2526	1.0000
16:28:33.3	0.8427	0.6235	2.8090	33.2526	1.0000
16:28:34.3	0.8549	0.6415	2.8497	34.2118	1.0000
16:28:35.3	0.8671	0.6535	2.8904	34.8512	1.0000
16:28:36.3	0.8915	0.6595	2.9718	35.1710	1.0000
16:28:37.3	0.9038	0.6774	3.0125	36.1302	1.0000
16:28:38.3	0.9160	0.6834	3.0532	36.4499	1.0000
16:28:39.3	0.9282	0.6954	3.0940	37.0894	1.0000
16:28:40.3	0.9404	0.7014	3.1347	37.4091	1.0000
16:28:41.3	0.9526	0.7074	3.1754	37.7289	1.0000
16:28:42.3	0.9526	0.7014	3.1754	37.4091	1.0000
16:28:43.3	0.9770	0.7254	3.2568	38.6881	1.0000
16:28:44.3	1.0015	0.7314	3.3382	39.0078	1.0000
16:28:45.3	1.0137	0.7374	3.3789	39.3276	1.0000
16:28:46.3	1.0259	0.7554	3.4196	40.2868	1.0000
16:28:47.3	1.0503	0.7554	3.5011	40.2868	1.0000
16:28:48.3	1.0503	0.7734	3.5011	41.2460	1.0000
16:28:49.3	1.0747	0.7794	3.5825	41.5657	1.0000
16:28:50.3	1.1114	0.7913	3.7046	42.2052	1.0000
16:28:51.3	1.1236	0.7973	3.7453	42.5249	1.0000
16:28:52.3	1.1480	0.8093	3.8267	43.1644	1.0000
16:28:53.3	1.1480	0.8153	3.8267	43.4841	1.0000
16:28:54.3	1.1480	0.8273	3.8267	44.1236	1.0000
16:28:55.3	1.1724	0.8333	3.9082	44.4433	1.0000
16:28:56.3	1.1969	0.8453	3.9896	45.0828	1.0000
16:28:57.3	1.2213	0.8633	4.0710	46.0420	1.0000
16:28:58.3	1.2335	0.8813	4.1117	47.0012	1.0000
16:28:59.3	1.2579	0.8933	4.1931	47.6407	1.0000
16:29:00.3	1.2824	0.8933	4.2745	47.6407	1.0000
16:29:01.3	1.2946	0.8933	4.3153	47.6407	1.0000
16:29:02.3	1.3068	0.9053	4.3560	48.2802	1.0000
16:29:03.3	1.3190	0.9172	4.3967	48.9196	1.0000
16:29:04.3	1.3434	0.9232	4.4781	49.2394	1.0000
16:29:05.3	1.3434	0.9352	4.4781	49.8788	1.0000
16:29:06.3	1.3679	0.9232	4.5595	49.2394	1.0000
16:29:07.3	1.3923	0.9412	4.6409	50.1986	1.0000
16:29:08.3	1.3923	0.9412	4.6409	50.1986	1.0000
16:29:09.3	1.4167	0.9472	4.7224	50.5183	1.0000
16:29:10.3	1.4167	0.9652	4.7224	51.4775	1.0000
16:29:11.3	1.4289	0.9772	4.7631	52.1170	1.0000
16:29:12.3	1.4411	0.9892	4.8038	52.7565	1.0000
16:29:13.3	1.4778	0.9832	4.9259	52.4367	1.0000
16:29:14.3	1.4900	0.9952	4.9666	53.0762	1.0000
16:29:15.3	1.5144	1.0012	5.0480	53.3959	1.0000
16:29:16.3	1.5144	1.0072	5.0480	53.7157	1.0000
16:29:17.3	1.5266	1.0072	5.0887	53.7157	1.0000
16:29:18.3	1.5511	1.0252	5.1702	54.6749	1.0000
16:29:19.3	1.5755	1.0252	5.2516	54.6749	1.0000
16:29:20.3	1.5877	1.0371	5.2923	55.3144	1.0000
16:29:21.3	1.6121	1.0611	5.3737	56.5933	1.0000
16:29:22.3	1.6365	1.0491	5.4551	55.9538	1.0000
16:29:23.3	1.6365	1.0671	5.4551	56.9130	1.0000
16:29:24.3	1.6488	1.0611	5.4958	56.5933	1.0000
16:29:25.3	1.6610	1.0731	5.5366	57.2328	1.0000
16:29:26.3	1.6732	1.0791	5.5773	57.5525	1.0000
16:29:27.3	1.6976	1.0851	5.6587	57.8723	1.0000
16:29:28.3	1.7098	1.0851	5.6994	57.8723	1.0000
16:29:29.3	1.7220	1.0911	5.7401	58.1920	1.0000
16:29:30.3	1.7220	1.0971	5.7401	58.5117	1.0000
16:29:31.3	1.7465	1.0911	5.8215	58.1920	1.0000
16:29:32.3	1.7465	1.1031	5.8215	58.8315	1.0000
16:29:33.3	1.7709	1.1091	5.9029	59.1512	1.0000
16:29:34.3	1.7831	1.1211	5.9437	59.7907	1.0000
16:29:35.3	1.7953	1.1271	5.9844	60.1104	1.0000
16:31:55.2	1.8075	0.4976	6.0251	26.5381	1.0000
16:31:56.2	1.8075	0.5096	6.0251	27.1776	1.0000
16:31:57.2	1.8075	0.5036	6.0251	26.8578	1.0000
16:31:58.2	1.8075	0.5695	6.0251	30.3749	1.0000
16:29:36.3	1.8197	1.1331	6.0658	60.4301	1.0000
16:29:37.3	1.8319	1.1451	6.1065	61.0696	1.0000
16:31:54.2	1.8319	0.5036	6.1065	26.8578	1.0000
16:31:59.2	1.8319	0.6894	6.1065	36.7697	1.0000
16:29:38.3	1.8442	1.1391	6.1472	60.7499	1.0000
16:31:53.2	1.8442	0.5156	6.1472	27.4973	1.0000
16:31:52.2	1.8564	0.5276	6.1879	28.1368	1.0000
16:29:39.3	1.8686	1.1391	6.2286	60.7499	1.0000
16:32:00.2	1.8686	0.7494	6.2286	39.9670	1.0000
16:29:40.3	1.8808	1.1570	6.2693	61.7091	1.0000
16:31:51.2	1.8808	0.5336	6.2693	28.4565	1.0000
16:32:01.2	1.8808	0.7854	6.2693	41.8854	1.0000
16:31:50.2	1.8930	0.5515	6.3100	29.4157	1.0000
16:29:41.3	1.9052	1.1630	6.3508	62.0288	1.0000
16:31:49.2	1.9052	0.5575	6.3508	29.7355	1.0000
16:32:02.2	1.9052	0.8033	6.3508	42.8447	1.0000
16:29:42.3	1.9174	1.1570	6.3915	61.7091	1.0000
16:31:48.2	1.9174	0.5635	6.3915	30.0552	1.0000
16:31:47.2	1.9297	0.5695	6.4322	30.3749	1.0000
16:32:03.2	1.9297	0.8213	6.4322	43.8039	1.0000
16:29:43.3	1.9419	1.1870	6.4729	63.3078	1.0000
16:32:04.2	1.9419	0.8393	6.4729	44.7631	1.0000
16:31:46.2	1.9541	0.5815	6.5136	31.0144	1.0000
16:29:44.3	1.9663	1.1870	6.5543	63.3078	1.0000
16:31:45.2	1.9663	0.5935	6.5543	31.6539	1.0000
16:29:45.3	1.9785	1.1810	6.5950	62.9880	1.0000
16:31:44.2	1.9785	0.5935	6.5950	31.6539	1.0000
16:32:05.2	1.9785	0.8633	6.5950	46.0420	1.0000
16:32:06.2	1.9907	0.8873	6.6357	47.3210	1.0000
16:29:46.3	2.0029	1.1930	6.6764	63.6275	1.0000
16:29:47.3	2.0029	1.1870	6.6764	63.3078	1.0000
16:31:43.2	2.0029	0.5995	6.6764	31.9736	1.0000
16:32:07.2	2.0029	0.8993	6.6764	47.9604	1.0000
16:29:48.3	2.0151	1.1990	6.7171	63.9472	1.0000
16:31:42.2	2.0151	0.6115	6.7171	32.6131	1.0000
16:29:49.3	2.0274	1.2170	6.7579	64.9064	1.0000
16:29:50.3	2.0274	1.1990	6.7579	63.9472	1.0000
16:29:51.3	2.0274	1.1990	6.7579	63.9472	1.0000
16:32:08.2	2.0274	0.8993	6.7579	47.9604	1.0000
16:32:09.2	2.0274	0.9232	6.7579	49.2394	1.0000
16:29:52.3	2.0396	1.2050	6.7986	64.2670	1.0000
16:31:41.2	2.0396	0.6295	6.7986	33.5723	1.0000
16:29:53.3	2.0518	1.2050	6.8393	64.2670	1.0000
16:29:54.3	2.0518	1.2170	6.8393	64.9064	1.0000
16:31:40.2	2.0518	0.6295	6.8393	33.5723	1.0000
16:32:10.2	2.0518	0.9232	6.8393	49.2394	1.0000
16:32:11.2	2.0518	0.9412	6.8393	50.1986	1.0000
16:31:39.2	2.0640	0.6475	6.8800	34.5315	1.0000
16:29:55.3	2.0762	1.2110	6.9207	64.5867	1.0000
16:29:56.3	2.0762	1.2230	6.9207	65.2262	1.0000
16:31:38.2	2.0762	0.6595	6.9207	35.1710	1.0000
16:32:12.2	2.0762	0.9472	6.9207	50.5183	1.0000
16:29:57.3	2.0884	1.2290	6.9614	65.5459	1.0000
16:32:13.2	2.0884	0.9532	6.9614	50.8381	1.0000
16:31:37.2	2.1006	0.6655	7.0021	35.4907	1.0000
16:32:14.2	2.1006	0.9592	7.0021	51.1578	1.0000
16:29:58.3	2.1128	1.2350	7.0428	65.8657	1.0000
16:32:15.2	2.1128	0.9772	7.0428	52.1170	1.0000
16:31:35.2	2.1251	0.6714	7.0835	35.8105	1.0000
16:31:36.2	2.1251	0.6655	7.0835	35.4907	1.0000
16:29:59.3	2.1373	1.2350	7.1242	65.8657	1.0000
16:32:16.2	2.1373	0.9892	7.1242	52.7565	1.0000
16:30:00.3	2.1495	1.2350	7.1650	65.8657	1.0000
16:30:01.3	2.1495	1.2410	7.1650	66.1854	1.0000
16:31:34.2	2.1495	0.6894	7.1650	36.7697	1.0000
16:32:17.2	2.1495	0.9952	7.1650	53.0762	1.0000
16:32:18.2	2.1495	1.0012	7.1650	53.3959	1.0000
16:32:19.2	2.1617	1.0072	7.2057	53.7157	1.0000
16:30:02.3	2.1739	1.2530	7.2464	66.8249	1.0000
16:31:33.2	2.1739	0.6954	7.2464	37.0894	1.0000
16:32:20.2	2.1739	1.0311	7.2464	54.9946	1.0000
16:30:03.3	2.1983	1.2650	7.3278	67.4643	1.0000
16:31:32.2	2.1983	0.7074	7.3278	37.7289	1.0000
16:32:21.2	2.1983	1.0371	7.3278	55.3144	1.0000
16:31:30.2	2.2106	0.7134	7.3685	38.0486	1.0000
16:31:31.2	2.2106	0.7074	7.3685	37.7289	1.0000
16:32:22.2	2.2106	1.0491	7.3685	55.9538	1.0000
16:30:04.3	2.2228	1.2590	7.4092	67.1446	1.0000
16:30:05.3	2.2228	1.2710	7.4092	67.7841	1.0000
16:31:29.2	2.2228	0.7194	7.4092	38.3683	1.0000
16:32:23.2	2.2228	1.0611	7.4092	56.5933	1.0000
16:30:06.3	2.2350	1.2769	7.4499	68.1038	1.0000
16:32:24.2	2.2350	1.0731	7.4499	57.2328	1.0000
16:31:28.2	2.2472	0.7374	7.4906	39.3276	1.0000
16:32:25.2	2.2472	1.0791	7.4906	57.5525	1.0000
16:31:27.3	2.2716	0.7494	7.5721	39.9670	1.0000
16:32:26.2	2.2716	1.0851	7.5721	57.8723	1.0000
16:30:07.3	2.2838	1.2949	7.6128	69.0630	1.0000
16:31:26.3	2.2838	0.7494	7.6128	39.9670	1.0000
16:32:27.2	2.2838	1.0911	7.6128	58.1920	1.0000
16:32:28.2	2.2960	1.0971	7.6535	58.5117	1.0000
16:30:08.3	2.3083	1.2949	7.6942	69.0630	1.0000
16:31:25.3	2.3083	0.7734	7.6942	41.2460	1.0000
16:32:29.2	2.3083	1.1091	7.6942	59.1512	1.0000
16:30:09.3	2.3205	1.2949	7.7349	69.0630	1.0000
16:31:24.3	2.3205	0.7734	7.7349	41.2460	1.0000
16:32:30.2	2.3327	1.1091	7.7756	59.1512	1.0000
16:30:10.3	2.3449	1.2889	7.8163	68.7433	1.0000
16:31:23.3	2.3449	0.7854	7.8163	41.8854	1.0000
16:30:11.3	2.3571	1.3069	7.8570	69.7025	1.0000
16:31:22.3	2.3571	0.7913	7.8570	42.2052	1.0000
16:32:31.2	2.3571	1.1331	7.8570	60.4301	1.0000
16:31:21.3	2.3693	0.8033	7.8977	42.8447	1.0000
16:30:12.3	2.3815	1.3189	7.9384	70.3420	1.0000
16:32:32.2	2.3815	1.1391	7.9384	60.7499	1.0000
16:30:13.3	2.3937	1.3189	7.9792	70.3420	1.0000
16:31:20.3	2.3937	0.8153	7.9792	43.4841	1.0000
16:30:14.3	2.4060	1.3249	8.0199	70.6617	1.0000
16:31:19.3	2.4060	0.8273	8.0199	44.1236	1.0000
16:32:34.2	2.4060	1.1630	8.0199	62.0288	1.0000
16:30:15.3	2.4182	1.3369	8.0606	71.3012	1.0000
16:31:18.3	2.4182	0.8393	8.0606	44.7631	1.0000
16:32:33.2	2.4182	1.1511	8.0606	61.3894	1.0000
16:31:17.3	2.4304	0.8393	8.1013	44.7631	1.0000
16:32:35.2	2.4304	1.1630	8.1013	62.0288	1.0000
16:30:16.3	2.4426	1.3369	8.1420	71.3012	1.0000
16:31:16.3	2.4426	0.8573	8.1420	45.7223	1.0000
16:30:17.3	2.4548	1.3429	8.1827	71.6209	1.0000
16:32:36.2	2.4548	1.1750	8.1827	62.6683	1.0000
16:31:15.3	2.4670	0.8513	8.2234	45.4025	1.0000
16:32:37.2	2.4670	1.1870	8.2234	63.3078	1.0000
16:31:13.3	2.4792	0.8693	8.2641	46.3617	1.0000
16:31:14.3	2.4792	0.8513	8.2641	45.4025	1.0000
16:32:38.2	2.4792	1.1930	8.2641	63.6275	1.0000
16:30:18.3	2.4915	1.3429	8.3048	71.6209	1.0000
16:30:19.3	2.4915	1.3489	8.3048	71.9406	1.0000
16:31:12.3	2.4915	0.8933	8.3048	47.6407	1.0000
16:32:39.2	2.4915	1.1990	8.3048	63.9472	1.0000
16:32:40.2	2.5037	1.2170	8.3455	64.9064	1.0000
16:30:20.3	2.5159	1.3609	8.3863	72.5801	1.0000
16:31:11.3	2.5159	0.8873	8.3863	47.3210	1.0000
16:30:21.3	2.5281	1.3789	8.4270	73.5393	1.0000
16:31:10.3	2.5281	0.8933	8.4270	47.6407	1.0000
16:30:22.3	2.5403	1.3669	8.4677	72.8999	1.0000
16:32:41.2	2.5403	1.2290	8.4677	65.5459	1.0000
16:31:09.3	2.5525	0.9112	8.5084	48.5999	1.0000
16:30:23.3	2.5647	1.3789	8.5491	73.5393	1.0000
16:31:08.3	2.5647	0.9292	8.5491	49.5591	1.0000
16:32:42.2	2.5647	1.2350	8.5491	65.8657	1.0000
16:32:43.2	2.5769	1.2530	8.5898	66.8249	1.0000
16:30:24.3	2.5892	1.3789	8.6305	73.5393	1.0000
16:31:07.3	2.5892	0.9352	8.6305	49.8788	1.0000
16:30:25.3	2.6014	1.3789	8.6712	73.5393	1.0000
16:31:06.3	2.6014	0.9652	8.6712	51.4775	1.0000
16:32:44.2	2.6014	1.2530	8.6712	66.8249	1.0000
16:30:26.3	2.6136	1.3849	8.7119	73.8591	1.0000
16:31:05.3	2.6136	0.9772	8.7119	52.1170	1.0000
16:32:45.2	2.6136	1.2590	8.7119	67.1446	1.0000
16:31:04.3	2.6258	0.9892	8.7526	52.7565	1.0000
16:32:46.2	2.6258	1.2650	8.7526	67.4643	1.0000
16:32:47.2	2.6258	1.2710	8.7526	67.7841	1.0000
16:30:27.3	2.6380	1.3849	8.7934	73.8591	1.0000
16:30:28.3	2.6380	1.3909	8.7934	74.1788	1.0000
16:31:03.3	2.6380	1.0012	8.7934	53.3959	1.0000
16:31:02.3	2.6502	1.0072	8.8341	53.7157	1.0000
16:30:29.3	2.6624	1.3909	8.8748	74.1788	1.0000
16:32:48.2	2.6624	1.2769	8.8748	68.1038	1.0000
16:30:30.3	2.6746	1.3968	8.9155	74.4985	1.0000
16:31:01.3	2.6746	1.0371	8.9155	55.3144	1.0000
16:30:31.3	2.6869	1.3909	8.9562	74.1788	1.0000
16:32:49.2	2.6869	1.2889	8.9562	68.7433	1.0000
16:32:50.2	2.6869	1.3069	8.9562	69.7025	1.0000
16:30:32.3	2.6991	1.3909	8.9969	74.1788	1.0000
16:30:33.3	2.7113	1.3909	9.0376	74.1788	1.0000
16:30:59.3	2.7113	1.0671	9.0376	56.9130	1.0000
16:31:00.3	2.7113	1.0431	9.0376	55.6341	1.0000
16:32:51.2	2.7113	1.3129	9.0376	70.0222	1.0000
16:32:52.2	2.7113	1.3189	9.0376	70.3420	1.0000
16:30:34.3	2.7235	1.3968	9.0783	74.4985	1.0000
16:30:35.3	2.7235	1.3968	9.0783	74.4985	1.0000
16:30:58.3	2.7235	1.0851	9.0783	57.8723	1.0000
16:30:36.3	2.7357	1.4028	9.1190	74.8183	1.0000
16:30:57.3	2.7357	1.0911	9.1190	58.1920	1.0000
16:32:53.2	2.7357	1.3249	9.1190	70.6617	1.0000
16:30:37.3	2.7479	1.3909	9.1597	74.1788	1.0000
16:32:54.2	2.7479	1.3249	9.1597	70.6617	1.0000
16:30:38.3	2.7601	1.4208	9.2005	75.7775	1.0000
16:30:56.3	2.7601	1.0971	9.2005	58.5117	1.0000
16:32:55.2	2.7601	1.3309	9.2005	70.9814	1.0000
16:30:55.3	2.7723	1.1091	9.2412	59.1512	1.0000
16:32:56.2	2.7723	1.3369	9.2412	71.3012	1.0000
16:30:39.3	2.7846	1.4148	9.2819	75.4577	1.0000
16:30:40.3	2.7846	1.4148	9.2819	75.4577	1.0000
16:30:54.3	2.7846	1.1271	9.2819	60.1104	1.0000
16:32:57.2	2.7846	1.3489	9.2819	71.9406	1.0000
16:30:53.3	2.7968	1.1331	9.3226	60.4301	1.0000
16:30:41.3	2.8090	1.4148	9.3633	75.4577	1.0000
16:30:42.3	2.8090	1.4208	9.3633	75.7775	1.0000
16:30:51.3	2.8090	1.1750	9.3633	62.6683	1.0000
16:30:52.3	2.8090	1.1511	9.3633	61.3894	1.0000
16:32:58.2	2.8090	1.3609	9.3633	72.5801	1.0000
16:30:43.3	2.8334	1.4148	9.4447	75.4577	1.0000
16:30:44.3	2.8334	1.4208	9.4447	75.7775	1.0000
16:30:50.3	2.8334	1.2650	9.4447	67.4643	1.0000
16:32:59.2	2.8334	1.3669	9.4447	72.8999	1.0000
16:33:00.2	2.8456	1.3729	9.4854	73.2196	1.0000
16:30:45.3	2.8578	1.4268	9.5261	76.0972	1.0000
16:30:49.3	2.8578	1.3909	9.5261	74.1788	1.0000
16:33:01.2	2.8578	1.3849	9.5261	73.8591	1.0000
16:30:46.3	2.8823	1.4328	9.6076	76.4170	1.0000
16:30:47.3	2.8823	1.4328	9.6076	76.4170	1.0000
16:30:48.3	2.8823	1.4268	9.6076	76.0972	1.0000
16:33:02.2	2.8823	1.3909	9.6076	74.1788	1.0000
16:33:03.2	2.9067	1.4028	9.6890	74.8183	1.0000
16:33:04.2	2.9067	1.4028	9.6890	74.8183	1.0000
16:33:05.2	2.9433	1.4148	9.8111	75.4577	1.0000
16:33:06.2	2.9555	1.4208	9.8518	75.7775	1.0000
16:33:07.2	2.9800	1.4148	9.9332	75.4577	1.0000
16:33:08.2	3.0044	1.4268	10.0147	76.0972	1.0000
16:33:09.2	3.0044	1.4388	10.0147	76.7367	1.0000
16:33:10.2	3.0166	1.4328	10.0554	76.4170	1.0000
16:33:11.2	3.0288	1.4388	10.0961	76.7367	1.0000
16:33:12.2	3.0532	1.4568	10.1775	77.6959	1.0000
16:33:13.2	3.0777	1.4508	10.2589	77.3762	1.0000
16:33:14.2	3.0899	1.4688	10.2996	78.3354	1.0000
16:33:15.2	3.1021	1.4688	10.3403	78.3354	1.0000
16:33:16.2	3.1021	1.4628	10.3403	78.0156	1.0000
16:33:17.1	3.1387	1.4568	10.4625	77.6959	1.0000
16:33:18.1	3.1387	1.4748	10.4625	78.6551	1.0000
16:33:19.1	3.1632	1.4748	10.5439	78.6551	1.0000
16:33:20.1	3.1754	1.4748	10.5846	78.6551	1.0000
16:33:21.1	3.1876	1.4808	10.6253	78.9748	1.0000
16:33:22.1	3.1998	1.4808	10.6660	78.9748	1.0000
16:33:23.1	3.2120	1.4748	10.7067	78.6551	1.0000
16:33:24.1	3.2242	1.4808	10.7474	78.9748	1.0000
16:33:25.1	3.2487	1.4868	10.8289	79.2946	1.0000
16:33:26.1	3.2731	1.4928	10.9103	79.6143	1.0000
16:33:27.1	3.2731	1.4928	10.9103	79.6143	1.0000
16:33:28.1	3.2853	1.4928	10.9510	79.6143	1.0000
16:33:29.1	3.2975	1.4928	10.9917	79.6143	1.0000
16:33:30.1	3.3097	1.4808	11.0324	78.9748	1.0000
16:33:31.1	3.3219	1.4928	11.0731	79.6143	1.0000
16:33:32.1	3.3708	1.4928	11.2360	79.6143	1.0000
16:33:33.1	3.3708	1.4988	11.2360	79.9340	1.0000
16:33:34.1	3.3830	1.5048	11.2767	80.2538	1.0000
16:33:35.1	3.3952	1.5048	11.3174	80.2538	1.0000
16:33:36.1	3.4196	1.5108	11.3988	80.5735	1.0000
16:33:37.1	3.4196	1.5108	11.3988	80.5735	1.0000
16:33:38.1	3.4441	1.5108	11.4802	80.5735	1.0000
16:33:39.1	3.4685	1.5108	11.5616	80.5735	1.0000
16:33:40.1	3.4685	1.5108	11.5616	80.5735	1.0000
16:33:41.1	3.4929	1.5167	11.6431	80.8933	1.0000
16:33:42.1	3.4929	1.5167	11.6431	80.8933	1.0000
16:33:43.1	3.5173	1.5167	11.7245	80.8933	1.0000
16:33:44.1	3.5296	1.5108	11.7652	80.5735	1.0000
16:33:45.1	3.5540	1.5227	11.8466	81.2130	1.0000
16:33:46.1	3.5540	1.5227	11.8466	81.2130	1.0000
16:33:47.1	3.5784	1.5227	11.9280	81.2130	1.0000
16:33:48.1	3.5906	1.5287	11.9687	81.5327	1.0000
16:33:49.1	3.5906	1.5227	11.9687	81.2130	1.0000
16:33:50.1	3.5906	1.5108	11.9687	80.5735	1.0000
16:33:51.1	3.6028	1.5108	12.0094	80.5735	1.0000
16:33:52.1	3.6273	1.5167	12.0909	80.8933	1.0000
16:33:53.1	3.6395	1.5227	12.1316	81.2130	1.0000
16:33:54.1	3.6517	1.5167	12.1723	80.8933	1.0000
16:33:55.1	3.6639	1.5227	12.2130	81.2130	1.0000
16:33:56.1	3.7128	1.5227	12.3758	81.2130	1.0000
16:33:57.1	3.7250	1.5227	12.4165	81.2130	1.0000
16:33:58.1	3.7616	1.5347	12.5387	81.8525	1.0000
16:33:59.1	3.7738	1.5287	12.5794	81.5327	1.0000
16:34:00.1	3.7860	1.5467	12.6201	82.4919	1.0000
16:34:01.1	3.7982	1.5467	12.6608	82.4919	1.0000
16:34:02.1	3.8105	1.5407	12.7015	82.1722	1.0000
16:34:03.1	3.8349	1.5407	12.7829	82.1722	1.0000
16:34:04.1	3.8471	1.5407	12.8236	82.1722	1.0000
16:34:05.1	3.8593	1.5467	12.8644	82.4919	1.0000
16:34:06.1	3.8837	1.5407	12.9458	82.1722	1.0000
16:34:07.1	3.8837	1.5407	12.9458	82.1722	1.0000
16:34:08.1	3.9082	1.5407	13.0272	82.1722	1.0000
16:34:09.1	3.9082	1.5407	13.0272	82.1722	1.0000
16:34:10.1	3.9326	1.5347	13.1086	81.8525	1.0000
16:34:11.1	3.9326	1.5467	13.1086	82.4919	1.0000
16:34:12.1	3.9692	1.5407	13.2307	82.1722	1.0000
16:34:13.1	3.9936	1.5467	13.3122	82.4919	1.0000
16:34:14.1	3.9936	1.5467	13.3122	82.4919	1.0000
16:34:15.1	4.0059	1.5467	13.3529	82.4919	1.0000
16:34:16.1	4.0181	1.5467	13.3936	82.4919	1.0000
16:34:17.1	4.0425	1.5467	13.4750	82.4919	1.0000
16:34:18.1	4.0669	1.5467	13.5564	82.4919	1.0000
16:34:19.1	4.0791	1.5467	13.5971	82.4919	1.0000
16:34:20.1	4.0914	1.5467	13.6378	82.4919	1.0000
16:34:21.1	4.1158	1.5467	13.7193	82.4919	1.0000
16:34:22.1	4.1280	1.5407	13.7600	82.1722	1.0000
16:34:23.1	4.1402	1.5527	13.8007	82.8117	1.0000
16:34:24.1	4.1646	1.5467	13.8821	82.4919	1.0000
16:34:25.1	4.1768	1.5467	13.9228	82.4919	1.0000
16:34:26.1	4.2013	1.5527	14.0042	82.8117	1.0000
16:34:27.1	4.2013	1.5467	14.0042	82.4919	1.0000
16:34:28.1	4.2257	1.5467	14.0857	82.4919	1.0000
16:34:29.1	4.2501	1.5527	14.1671	82.8117	1.0000
16:34:30.1	4.2745	1.5527	14.2485	82.8117	1.0000
16:34:31.1	4.2745	1.5527	14.2485	82.8117	1.0000
16:34:32.1	4.2990	1.5467	14.3299	82.4919	1.0000
16:34:33.1	4.3234	1.5467	14.4113	82.4919	1.0000
16:34:34.1	4.3356	1.5527	14.4520	82.8117	1.0000
16:34:35.1	4.3600	1.5527	14.5335	82.8117	1.0000
16:34:36.1	4.3845	1.5527	14.6149	82.8117	1.0000
16:34:37.1	4.3845	1.5527	14.6149	82.8117	1.0000
16:34:38.1	4.3967	1.5407	14.6556	82.1722	1.0000
16:34:39.1	4.4089	1.5527	14.6963	82.8117	1.0000
16:34:40.1	4.4333	1.5407	14.7777	82.1722	1.0000
16:34:41.1	4.4455	1.5467	14.8184	82.4919	1.0000
16:34:42.1	4.4822	1.5527	14.9406	82.8117	1.0000
16:34:43.1	4.5066	1.5587	15.0220	83.1314	1.0000
16:34:44.1	4.5188	1.5647	15.0627	83.4511	1.0000
16:34:45.1	4.5432	1.5587	15.1441	83.1314	1.0000
16:34:46.1	4.5677	1.5527	15.2255	82.8117	1.0000
16:34:47.1	4.5799	1.5587	15.2662	83.1314	1.0000
16:34:48.1	4.5921	1.5527	15.3070	82.8117	1.0000
16:34:49.1	4.6043	1.5467	15.3477	82.4919	1.0000
16:34:50.1	4.6165	1.5467	15.3884	82.4919	1.0000
16:34:51.1	4.6287	1.5467	15.4291	82.4919	1.0000
16:34:52.1	4.6409	1.5467	15.4698	82.4919	1.0000
16:34:53.1	4.6654	1.5347	15.5512	81.8525	1.0000
16:34:54.1	4.6654	1.5527	15.5512	82.8117	1.0000
16:34:55.1	4.6898	1.5467	15.6326	82.4919	1.0000
16:34:56.1	4.7142	1.5527	15.7141	82.8117	1.0000
16:34:57.1	4.7264	1.5467	15.7548	82.4919	1.0000
16:34:58.1	4.7386	1.5467	15.7955	82.4919	1.0000
16:34:59.1	4.7509	1.5407	15.8362	82.1722	1.0000
16:35:00.1	4.7875	1.5467	15.9583	82.4919	1.0000
16:35:01.1	4.7875	1.5407	15.9583	82.1722	1.0000
16:35:02.1	4.7997	1.5527	15.9990	82.8117	1.0000
16:35:03.1	4.8119	1.5587	16.0397	83.1314	1.0000
16:35:04.1	4.8363	1.5467	16.1212	82.4919	1.0000
16:35:05.0	4.8486	1.5467	16.1619	82.4919	1.0000
16:35:06.0	4.8608	1.5467	16.2026	82.4919	1.0000
16:35:07.0	4.8852	1.5467	16.2840	82.4919	1.0000
16:35:08.0	4.8974	1.5347	16.3247	81.8525	1.0000
16:35:09.0	4.9096	1.5467	16.3654	82.4919	1.0000
16:35:10.0	4.9218	1.5527	16.4061	82.8117	1.0000
16:35:11.0	4.9463	1.5407	16.4875	82.1722	1.0000
16:35:12.0	4.9585	1.5407	16.5283	82.1722	1.0000
16:35:13.0	4.9829	1.5407	16.6097	82.1722	1.0000
16:35:14.0	4.9829	1.5347	16.6097	81.8525	1.0000
16:35:15.0	4.9951	1.5407	16.6504	82.1722	1.0000
16:35:16.0	5.0195	1.5407	16.7318	82.1722	1.0000
16:35:17.0	5.0318	1.5467	16.7725	82.4919	1.0000
16:35:18.0	5.0440	1.5407	16.8132	82.1722	1.0000
16:35:19.0	5.0562	1.5407	16.8539	82.1722	1.0000
16:35:20.0	5.0806	1.5407	16.9354	82.1722	1.0000
16:35:21.0	5.0928	1.5467	16.9761	82.4919	1.0000
16:35:22.0	5.0928	1.5467	16.9761	82.4919	1.0000
16:35:23.0	5.1417	1.5527	17.1389	82.8117	1.0000
16:35:24.0	5.1661	1.5467	17.2203	82.4919	1.0000
16:35:25.0	5.1783	1.5527	17.2610	82.8117	1.0000
16:35:26.0	5.1905	1.5587	17.3017	83.1314	1.0000
16:35:27.0	5.2272	1.5587	17.4239	83.1314	1.0000
16:35:28.0	5.2638	1.5587	17.5460	83.1314	1.0000
16:35:29.0	5.2760	1.5587	17.5867	83.1314	1.0000
16:35:30.0	5.3004	1.5587	17.6681	83.1314	1.0000
16:35:31.0	5.3249	1.5587	17.7496	83.1314	1.0000
16:35:32.0	5.3493	1.5647	17.8310	83.4511	1.0000
16:35:33.0	5.3737	1.5647	17.9124	83.4511	1.0000
16:35:34.0	5.3859	1.5707	17.9531	83.7709	1.0000
16:35:35.0	5.4226	1.5587	18.0752	83.1314	1.0000
16:35:36.0	5.4470	1.5707	18.1567	83.7709	1.0000
16:35:37.0	5.4714	1.5707	18.2381	83.7709	1.0000
16:35:38.0	5.4958	1.5587	18.3195	83.1314	1.0000
16:35:39.0	5.5203	1.5587	18.4009	83.1314	1.0000
16:35:40.0	5.5447	1.5527	18.4823	82.8117	1.0000
16:35:41.0	5.5447	1.5467	18.4823	82.4919	1.0000
16:35:42.0	5.5691	1.5527	18.5638	82.8117	1.0000
16:35:43.0	5.5936	1.5587	18.6452	83.1314	1.0000
16:35:44.0	5.6180	1.5587	18.7266	83.1314	1.0000
16:35:45.0	5.6546	1.5587	18.8487	83.1314	1.0000
16:35:46.0	5.6668	1.5527	18.8894	82.8117	1.0000
16:35:47.0	5.6913	1.5527	18.9709	82.8117	1.0000
16:35:48.0	5.7157	1.5527	19.0523	82.8117	1.0000
16:35:49.0	5.7401	1.5467	19.1337	82.4919	1.0000
16:35:50.0	5.7645	1.5527	19.2151	82.8117	1.0000
16:35:51.0	5.7767	1.5467	19.2558	82.4919	1.0000
16:35:52.0	5.7890	1.5527	19.2965	82.8117	1.0000
16:35:53.0	5.8256	1.5467	19.4187	82.4919	1.0000
16:35:54.0	5.8500	1.5587	19.5001	83.1314	1.0000
16:35:55.0	5.8745	1.5527	19.5815	82.8117	1.0000
16:35:56.0	5.8989	1.5587	19.6629	83.1314	1.0000
16:35:57.0	5.9233	1.5587	19.7443	83.1314	1.0000
16:35:58.0	5.9477	1.5527	19.8258	82.8117	1.0000
16:35:59.0	5.9722	1.5467	19.9072	82.4919	1.0000
16:36:00.0	5.9966	1.5587	19.9886	83.1314	1.0000
16:36:01.0	6.0210	1.5587	20.0700	83.1314	1.0000
16:36:02.0	6.0576	1.5527	20.1922	82.8117	1.0000
16:36:03.0	6.0821	1.5527	20.2736	82.8117	1.0000
16:36:04.0	6.0943	1.5407	20.3143	82.1722	1.0000
16:36:05.0	6.1065	1.5347	20.3550	81.8525	1.0000
16:36:06.0	6.1309	1.5347	20.4364	81.8525	1.0000
16:36:07.0	6.1431	1.5287	20.4771	81.5327	1.0000
16:36:08.0	6.1553	1.5287	20.5178	81.5327	1.0000
16:36:09.0	6.1798	1.5347	20.5993	81.8525	1.0000
16:36:10.0	6.2042	1.5227	20.6807	81.2130	1.0000
16:36:11.0	6.2286	1.5287	20.7621	81.5327	1.0000
16:36:12.0	6.2531	1.5347	20.8435	81.8525	1.0000
16:36:13.0	6.2775	1.5467	20.9249	82.4919	1.0000
16:36:14.0	6.3141	1.5347	21.0471	81.8525	1.0000
16:36:15.0	6.3263	1.5467	21.0878	82.4919	1.0000
16:36:16.0	6.3508	1.5407	21.1692	82.1722	1.0000
16:36:17.0	6.3508	1.5407	21.1692	82.1722	1.0000
16:36:18.0	6.3752	1.5407	21.2506	82.1722	1.0000
16:36:19.0	6.3874	1.5407	21.2913	82.1722	1.0000
16:36:20.0	6.4240	1.5467	21.4135	82.4919	1.0000
16:36:21.0	6.4362	1.5407	21.4542	82.1722	1.0000
16:36:22.0	6.4607	1.5407	21.5356	82.1722	1.0000
16:36:23.0	6.4851	1.5467	21.6170	82.4919	1.0000
16:36:24.0	6.5095	1.5407	21.6984	82.1722	1.0000
16:36:25.0	6.5217	1.5407	21.7391	82.1722	1.0000
16:36:26.0	6.5584	1.5467	21.8613	82.4919	1.0000
16:36:27.0	6.5950	1.5407	21.9834	82.1722	1.0000
16:36:28.0	6.6194	1.5347	22.0648	81.8525	1.0000
16:36:29.0	6.6439	1.5407	22.1462	82.1722	1.0000
16:36:30.0	6.6439	1.5347	22.1462	81.8525	1.0000
16:36:31.0	6.6561	1.5347	22.1869	81.8525	1.0000
16:36:32.0	6.6805	1.5287	22.2684	81.5327	1.0000
16:36:33.0	6.7171	1.5347	22.3905	81.8525	1.0000
16:36:34.0	6.7416	1.5407	22.4719	82.1722	1.0000
16:36:35.0	6.7782	1.5347	22.5940	81.8525	1.0000
16:36:36.0	6.8026	1.5527	22.6755	82.8117	1.0000
16:36:37.0	6.8271	1.5407	22.7569	82.1722	1.0000
16:36:38.0	6.8637	1.5347	22.8790	81.8525	1.0000
16:36:39.0	6.8881	1.5407	22.9604	82.1722	1.0000
16:36:40.0	6.9126	1.5347	23.0418	81.8525	1.0000
16:36:41.0	6.9370	1.5407	23.1233	82.1722	1.0000
16:36:42.0	6.9614	1.5347	23.2047	81.8525	1.0000
16:36:43.0	6.9980	1.5407	23.3268	82.1722	1.0000
16:36:44.0	7.0225	1.5407	23.4082	82.1722	1.0000
16:36:45.0	7.0347	1.5347	23.4489	81.8525	1.0000
16:36:46.0	7.0469	1.5287	23.4897	81.5327	1.0000
16:36:47.0	7.0835	1.5287	23.6118	81.5327	1.0000
16:36:48.0	7.1202	1.5287	23.7339	81.5327	1.0000
16:36:49.0	7.1324	1.5287	23.7746	81.5327	1.0000
16:37:29.0	7.1324	-0.2338	23.7746	-12.4697	1.0000
16:37:35.0	7.1324	-0.2038	23.7746	-10.8710	1.0000
16:37:36.0	7.1324	-0.2098	23.7746	-11.1908	1.0000
16:37:37.0	7.1324	-0.2038	23.7746	-10.8710	1.0000
16:37:38.0	7.1324	-0.2098	23.7746	-11.1908	1.0000
16:37:39.0	7.1324	-0.2038	23.7746	-10.8710	1.0000
16:36:50.0	7.1446	1.5227	23.8153	81.2130	1.0000
16:37:30.0	7.1446	-0.2278	23.8153	-12.1500	1.0000
16:37:32.0	7.1446	-0.2158	23.8153	-11.5105	1.0000
16:37:33.0	7.1446	-0.2158	23.8153	-11.5105	1.0000
16:37:31.0	7.1568	-0.2158	23.8560	-11.5105	1.0000
16:37:34.0	7.1568	-0.2218	23.8560	-11.8302	1.0000
16:36:51.0	7.1812	1.5227	23.9375	81.2130	1.0000
16:36:52.0	7.2057	1.5287	24.0189	81.5327	1.0000
16:36:53.0	7.2057	1.5167	24.0189	80.8933	1.0000
16:36:54.0	7.2301	1.5227	24.1003	81.2130	1.0000
16:36:55.0	7.2545	1.5167	24.1817	80.8933	1.0000
16:36:56.0	7.2912	1.5227	24.3039	81.2130	1.0000
16:36:57.0	7.3156	1.5227	24.3853	81.2130	1.0000
16:36:58.0	7.3278	1.5227	24.4260	81.2130	1.0000
16:37:28.0	7.3278	-0.2278	24.4260	-12.1500	1.0000
16:36:59.0	7.3644	1.5167	24.5481	80.8933	1.0000
16:37:00.0	7.3766	1.5227	24.5888	81.2130	1.0000
16:37:01.0	7.4011	1.5227	24.6702	81.2130	1.0000
16:37:02.0	7.4255	1.5108	24.7517	80.5735	1.0000
16:37:03.0	7.4621	1.5108	24.8738	80.5735	1.0000
16:37:04.0	7.4866	1.5048	24.9552	80.2538	1.0000
16:37:27.0	7.5354	-0.1799	25.1181	-9.5921	1.0000
16:37:05.0	7.5721	0.7374	25.2402	39.3276	1.0000
16:37:15.0	7.5965	-0.0959	25.3216	-5.1158	1.0000
16:37:17.0	7.5965	-0.0959	25.3216	-5.1158	1.0000
16:37:21.0	7.5965	-0.0959	25.3216	-5.1158	1.0000
16:37:22.0	7.5965	-0.0959	25.3216	-5.1158	1.0000
16:37:24.0	7.5965	-0.0899	25.3216	-4.7960	1.0000
16:37:26.0	7.5965	-0.1139	25.3216	-6.0750	1.0000
16:37:12.0	7.6087	-0.0839	25.3623	-4.4763	1.0000
16:37:13.0	7.6087	-0.0959	25.3623	-5.1158	1.0000
16:37:14.0	7.6087	-0.0959	25.3623	-5.1158	1.0000
16:37:16.0	7.6087	-0.0839	25.3623	-4.4763	1.0000
16:37:19.0	7.6087	-0.0899	25.3623	-4.7960	1.0000
16:37:20.0	7.6087	-0.0839	25.3623	-4.4763	1.0000
16:37:25.0	7.6087	-0.0899	25.3623	-4.7960	1.0000
16:37:10.0	7.6209	-0.0899	25.4030	-4.7960	1.0000
16:37:11.0	7.6209	-0.0839	25.4030	-4.4763	1.0000
16:37:18.0	7.6209	-0.0959	25.4030	-5.1158	1.0000
16:37:23.0	7.6209	-0.0959	25.4030	-5.1158	1.0000
16:37:09.0	7.6331	-0.0600	25.4437	-3.1974	1.0000
16:37:07.0	7.6453	-0.0540	25.4844	-2.8776	1.0000
16:37:06.0	7.6575	-0.0240	25.5252	-1.2789	1.0000
16:37:08.0	7.6698	-0.0180	25.5659	-0.9592	1.0000
Data End	

